Contour Advection with Surgery
PV 0.0029 contour

60  24  0.25000000  0.25000000  0.1000000  0.0000000
1 188 0.00000
188 1 75 1.00000
1.0 75.961877137687637
3.0 75.844837452164484
5.0 75.560694431954332
7.0 75.404041280707531
9.0 75.300381961000667
11.0 75.084958784401195
12.061657675177898 75.0
13.0 74.908253533994511
15.0 74.817238453630068
17.0 74.765101786339528
19.0 74.683222704194478
21.0 74.542829157062954
23.0 74.504818566187055
25.0 74.438092191535105
27.0 74.551675999041663
29.0 74.564157248207323
31.0 74.438567844663694
33.0 74.307823799981406
35.0 74.154187140208506
37.0 74.186785076425494
39.0 74.165523617312218
41.0 74.087658497316056
43.0 74.079565327940259
45.0 74.079674887425924
47.0 74.195093090322956
49.0 74.107520234261443
51.0 73.874040743480577
53.0 73.979987393202975
55.0 74.150101992392592
57.0 74.303197850961197
59.0 74.216477169038797
61.0 74.124716125618818
63.0 74.201316483463742
65.0 74.32392042841883
67.0 74.305400791094343
69.0 74.400780720184343
71.0 74.50004905538627
73.0 74.54759097076797
75.0 74.492664582426016
77.0 74.492886933284012
79.0 74.593184684575874
81.0 74.698239707922255
83.0 74.715712968370738
85.0 74.69136831153719
87.0 74.664493467117026
89.0 74.591712956359515
91.0 74.509048389485926
93.0 74.474708787069432
95.0 74.300654358705245
97.0 74.04156643532211
99.0 73.881823125441699
101.0 73.833963875757902
103.0 73.700585543463973
105.0 73.426483966540033
106.99999999999999 73.267213622231267
109.0 73.183750046609759
111.0 73.004217303958313
111.04614728464304 73.0
113.0 72.697543410845995
115.0 72.593555182668069
117.0 72.640906860546423
119.0 72.703043136087658
121.0 72.616769153135948
123.0 72.529567434118562
125.0 72.528603053282694
127.0 72.610242292373897
129.0 72.772746054989824
131.0 72.771457068578812
133.0 72.594226343656402
135.0 72.860310022151083
135.8149309557231 73.0
137.0 73.107601414159021
139.0 73.300985288404831
141.0 73.347057964041397
143.0 73.328234105873491
145.0 73.501799066612605
147.0 73.683213300065674
149.0 73.846895379510357
151.0 73.906526514502261
153.0 74.031758251176655
155.0 74.145857089300335
157.0 74.21041108629467
159.0 74.267399737430395
161.0 74.359072951499769
163.0 74.531763265074645
165.0 74.664297778597856
167.0 74.743799455754626
169.0 74.709741369841808
171.0 74.757126247153266
173.0 74.847208496709939
175.0 74.83689077745035
177.0 74.750287185508327
179.0 74.872111484096422
181.0 74.988269506681405
183.0 74.848077490267272
185.0 74.604499388433311
187.0 74.437090856052137
189.0 74.412669726265662
191.0 74.397594369751346
193.0 74.1741211111203
195.0 73.966384304375708
197.0 73.915991656645289
199.0 73.949519139083407
201.0 73.909299689652855
203.0 73.847287379504536
205.0 73.85642037305243
207.0 73.682054000106731
209.0 73.455441063354357
211.0 73.34858805311228
213.0 73.368486429705058
215.0 73.504025913526789
217.0 73.474302870645502
219.0 73.411218478213314
221.0 73.52093282804293
223.0 73.578085363687734
225.0 73.576799576908769
227.0 73.722014195076312
229.0 74.103360603700509
231.0 74.508307491204263
233.0 74.603820576659388
235.0 74.556462295211944
237.0 74.540544266452514
239.0 74.540557595950844
241.0 74.818094631293278
242.62728107938494 75.0
243.0 75.104182402824151
245.0 75.263022989504023
247.0 75.263089855622837
249.0 75.491659556354705
251.0 75.841089840275728
253.0 76.008362286613874
255.0 75.94159089198692
257.0 75.684458285603341
259.0 75.572860911868801
261.0 75.879076804798387
263.0 76.420734113381116
265.0 76.458540334153085
267.0 76.010494976075606
269.0 75.712109679585978
271.0 75.756043008800788
273.0 76.224252680627288
274.79811338992596 77.0
275.0 77.046995372098507
277.0 77.155003855116476
277.7598178283331 77.0
279.0 76.285677193442723
281.0 76.593349762537969
281.64209121552722 77.0
283.0 77.409854542467926
285.0 77.845528009844088
287.0 77.921206515830136
289.0 77.783503706776145
291.0 77.655518102400563
293.0 77.711133453765058
295.0 77.823910572701692
297.0 77.916660410683107
299.0 77.949294589809341
301.0 77.835693985197736
303.0 77.612087395864677
305.0 77.553974496840695
307.0 77.723030750061085
309.0 77.72412940506031
311.0 77.677053905655896
313.0 77.541699681727096
315.0 77.448200377553889
317.0 77.513403253524984
319.0 77.628897935642982
321.0 77.716350295353948
323.0 77.768784116917402
325.0 77.629379227788235
327.0 77.533092877214642
329.0 77.617718966621652
331.0 77.673640473526532
333.0 77.682754430607631
335.0 77.576635764314105
337.0 77.43666647547181
338.99999999999994 77.357122535812664
341.0 77.346783846275201
343.0 77.361638921510391
345.0 77.275177886813779
346.56788274867051 77.0
347.0 76.905397173229531
349.0 76.489992689665797
351.0 76.460686142736989
353.0 76.633075746277811
355.0 76.489629443966777
357.0 76.106785487160067
359.0 75.925464011217258
