Contour Advection with Surgery
PV 0.0025 contour

60  24  0.25000000  0.25000000  0.1000000  0.0000000
1 194 0.00000
194 1 77 1.00000
1.0 77.361088536729255
3.0 77.387923238263966
5.0 77.449743769820984
7.0 77.313189077003585
8.7074676105574262 77.0
9.0 76.950665848858151
10.999999999999998 76.733234385451809
13.0 76.781673912392847
15.0 76.943923271202422
17.0 76.852927190680447
19.0 76.731346450352902
21.0 76.797311596352529
22.767445755614766 77.0
23.0 77.027647902839107
25.0 77.192619023963118
27.0 77.197423350258077
29.0 77.191370065693548
31.0 77.254599038594847
33.0 77.413575290638676
35.0 77.514799083054925
37.0 77.443852771186954
39.0 77.482814125909073
41.0 77.576549618588871
43.0 77.26633910762051
45.0 77.010019955575217
45.080123561162779 77.0
47.0 76.706420242943153
49.0 76.615465218419303
51.0 76.882543296789251
53.0 76.415689575403789
55.0 76.066151998169616
57.0 75.572567248605736
58.5367150164926 75.0
59.000000000000007 74.786015685943198
61.0 74.153629058666468
63.0 73.705102547124838
65.0 73.307975154461303
65.92613564981184 73.0
67.0 72.526176328754985
69.0 71.886772506842561
71.0 71.120176285101223
71.373267807572176 71.0
73.0 70.694162649814771
75.0 70.421360585722994
77.0 70.186069791724876
79.0 70.008099543121233
81.0 69.925237902402614
83.0 69.890393560738431
85.0 69.903114740139557
87.0 69.742871069204881
89.0 69.753338833705143
91.0 69.992824309113587
93.0 69.847233933081625
95.0 69.907077856143673
97.0 70.224999203626794
99.0 70.27362087402102
101.0 70.310158904299826
103.0 70.46892567512181
105.0 70.548651623428853
106.99999999999999 70.597171108548508
109.0 70.65056317587144
111.0 70.657262812459578
113.0 70.692757718097937
115.0 70.823088887622561
117.0 70.941482864909744
118.28896327103271 71.0
119.0 71.040456813764862
121.0 71.076196948107167
123.0 71.241488705264203
125.0 71.43796953139389
127.0 71.554724198393188
129.0 71.65336655822756
131.0 71.768500927400282
133.0 71.928415784188346
135.0 72.074121823076268
137.0 72.173819972556004
139.0 72.27164363916043
141.0 72.360654724093564
143.0 72.460317341051095
145.0 72.531569993789105
147.0 72.476233154822651
149.0 72.382870264064294
151.0 72.315404824678566
153.0 72.264154315773098
155.0 72.202813112559568
157.0 72.264160567310299
159.0 72.387032244198849
161.0 72.367073270765658
163.0 72.518993501872515
165.0 72.845073599031807
167.0 72.661777727358668
169.0 72.452014885248019
171.0 72.513311972881382
173.0 72.642221243006219
174.99999999999997 72.473658049814802
177.0 72.485408253337738
179.0 72.342437393503133
181.0 72.019998012109795
183.0 72.477249511435062
185.0 72.64977692866097
187.0 72.783578343220327
189.0 72.05435116995875
191.0 71.893865956749124
193.0 72.446400085071161
195.0 72.57088566515705
197.0 72.178576324122673
199.0 72.305658612014142
201.0 72.794430420943357
202.16361855051429 73.0
203.0 73.197796062511344
205.0 73.243862675143106
207.0 73.091112378735417
209.0 73.06004689059786
211.0 73.4333240473171
213.0 73.439750826947446
215.0 73.246608004456121
216.96197981854658 73.0
217.0 72.99340838124408
217.06517940557467 73.0
219.0 73.144025402599482
221.0 73.28196353400898
223.0 73.029572459026738
223.19724768905576 73.0
224.99999999999997 72.4855454387218
227.0 72.389726846216575
229.0 72.096696680501935
231.0 71.743889587228267
233.0 71.715550188436509
235.0 71.810894724510604
237.0 71.954922792883522
239.0 72.133725875615383
241.0 72.023851603026685
243.0 71.933463912573558
245.0 71.943743092351681
247.0 71.984807288501841
249.0 72.058375612940125
251.0 72.082384187701678
253.0 72.094404455841243
255.0 72.18020562748957
257.0 72.296540001307235
259.0 72.431804718155604
261.0 72.596295393164354
263.0 72.734005504176011
265.0 72.85835647598806
267.0 72.964102796998645
267.4021161694277 73.0
269.0 73.18030641511973
271.0 73.378564875561693
273.0 73.591980807237746
275.0 73.809635127030731
277.0 73.947060364084521
279.0 74.127106903376088
281.0 74.425557797101021
283.0 74.624042876007707
285.0 74.658415629278807
287.0 74.756643762195623
289.0 74.993313604953102
289.06858016110476 75.0
291.0 75.186779862007569
293.0 75.307807230156854
295.0 75.386688207024847
297.0 75.462008759093678
299.0 75.602432635235601
301.0 75.69073800892815
303.0 75.911035537573611
305.0 76.017947075837327
307.0 76.008085056583099
309.0 76.054816868040376
311.0 76.046244560927875
313.0 76.220921925464239
315.0 76.429493512473783
317.0 76.573093803750353
319.0 76.680295789777773
321.0 76.778664240003692
323.0 76.844275122287399
325.0 76.914186538353931
326.70207968039063 77.0
327.0 77.016215333854305
329.0 77.151660662269592
331.0 77.25214248781208
333.0 77.323097182818216
335.0 77.349851026998763
337.0 77.363237640190775
339.0 77.443727093879176
341.0 77.508999644163424
343.0 77.520147069655749
345.0 77.458890755685985
347.0 77.399986524111384
349.0 77.470372755667199
351.0 77.572099213368688
353.0 77.667304428944263
355.0 77.586232350597612
357.0 77.399536548744337
359.0 77.354076712757859
