Contour Advection with Surgery
PV 0.002 contour

60  24  0.25000000  0.25000000  0.1000000  0.0000000
1 192 0.00000
192 1 73 1.00000
1.0 73.903729844465261
3.0 73.894774974087625
5.0 73.703545752995893
7.0 73.353946454449073
9.0 73.110126062964525
11.0 73.095963770111297
12.604366006454475 73.0
13.000000000000002 72.960188613977621
15.0 72.385973228443774
17.0 72.117636665565144
19.0 72.200266664167003
21.0 71.983570048120299
23.0 71.607346078177343
25.0 71.566559664281641
27.0 71.316164382071506
28.649812833810671 71.0
29.0 70.930016782674102
31.0 70.765228053858394
33.0 70.532917657569385
35.0 70.280449697820188
37.0 70.153276365441968
39.0 69.855695751529538
41.0 69.526246883289318
43.0 69.332329101998539
45.0 69.035681926228634
45.249006016462502 69.0
47.000000000000007 68.846887847896937
48.999999999999993 68.659454779487262
51.0 68.4847027317266
53.0 68.42385423662931
55.0 68.355484015695453
57.0 68.245047301310962
59.0 68.097126516869253
61.0 67.845349751726076
63.0 67.660755363767308
65.0 67.501842308067111
67.0 67.200063224782255
68.16671904460236 67.0
69.0 66.859742982309356
71.0 66.676710565128332
73.0 66.455021926646623
75.0 66.35050219612063
77.0 66.296495447661044
79.0 66.222171016571934
81.0 66.235828564754641
83.0 66.150034072115744
85.0 66.192491419072368
87.0 66.214101157589454
89.0 66.188862507703107
91.0 66.297882301244726
93.0 66.417319723787642
95.0 66.428419413777604
97.0 66.401099561138167
99.0 66.491953135669036
101.0 66.529555003957029
103.0 66.449266094096373
105.0 66.56827688218128
107.0 66.841272326249012
108.99999999999999 66.908480257380646
110.99999999999999 66.928572404446484
111.37446642246643 67.0
113.0 67.263124967508048
115.0 67.483717677728862
117.0 67.570542462764081
119.0 67.764809348714266
121.0 67.862827193110732
123.0 67.795474524949057
125.0 67.91202590025712
127.0 68.055319346827957
129.0 68.203015771002214
131.0 68.1921173681813
133.0 68.117563056724336
135.0 68.184283081214119
137.0 68.252454815828429
139.0 68.213400540705479
141.0 68.211548462921328
143.0 68.292023572846489
145.0 68.312336455453561
147.0 68.245382759328635
149.0 68.196534508025067
151.0 68.205244366835089
153.0 68.208970018568294
155.0 68.150350407098088
157.0 68.148956975654016
159.0 68.208162560265421
161.0 68.357689224932116
163.0 68.411875090072698
165.0 68.134577701450382
167.0 67.945740880082198
169.0 67.721321196304828
171.0 67.559654659215425
173.0 67.18269285189497
174.17131703186197 67.0
175.0 66.902219087627557
177.0 66.734315720738309
179.0 65.765417421080173
181.0 66.155300720126306
183.0 66.757834747234227
185.0 66.92188397073474
186.18490125138604 67.0
187.0 67.063639267057141
188.93477154459319 67.0
188.99999999999997 66.997769755186994
191.0 66.958091149539925
193.0 66.755391299623341
195.0 66.219055051916101
197.0 65.746117594994416
199.0 65.815211155654879
201.0 65.91053058940355
203.0 65.963673127759705
205.0 66.126747251508803
207.0 66.234449904114712
209.0 66.363407306560788
211.0 66.477455938312431
213.0 66.484750971774105
215.0 66.516614352595013
217.0 66.521204669060282
219.0 66.545408741628336
221.0 66.586097633355308
223.0 66.696787691936464
224.99999999999997 66.758943964124157
226.99999999999997 66.724064997778953
229.0 66.812026457530095
231.0 66.984623209381226
231.33094781270609 67.0
233.0 67.076503319586124
235.0 67.157991418977232
237.0 67.290657842708441
239.0 67.432146008460407
241.0 67.476594215712169
243.0 67.556866745055373
245.0 67.779958066529645
247.0 67.873717216455105
249.0 67.949641939904424
251.0 68.065516117861577
253.0 68.136294827567156
255.0 68.251500711124876
257.0 68.404520176307358
259.0 68.565387325960828
261.0 68.720624745237572
263.0 68.939056974585284
263.4557650340945 69.0
265.0 69.226045872791062
267.0 69.406390516236755
269.0 69.592668149332297
271.0 69.839931665744956
273.0 70.004734008537753
275.0 70.174264499715122
277.0 70.348895370235695
279.0 70.541587164439719
281.0 70.728345490256572
283.0 70.800028148278301
284.99999999999994 70.901260778764012
286.03781931608899 71.0
287.0 71.093639414991742
289.0 71.244543115085563
291.0 71.386310592986902
293.0 71.488467623411282
295.0 71.698090330950663
297.0 71.965337311054753
299.0 72.256109850111642
301.0 72.456423037252947
303.0 72.557075853575412
305.0 72.633210163961166
306.99999999999994 72.703065755514061
308.99999999999994 72.707134536048471
311.0 72.8377641856586
312.27002309050329 73.0
313.0 73.082434569602782
315.0 73.148686471894578
317.0 73.385008422722464
319.0 73.588935050785182
321.0 73.657404661732173
323.0 73.706337864253385
325.0 73.735436749996254
327.0 73.792203027283009
329.0 73.872248400166086
331.0 73.923960092425688
333.0 73.944741960713955
335.0 73.989833052483164
337.0 74.064352259305736
339.0 74.147627205125929
341.0 74.174534064910844
343.0 74.235015758799193
345.0 74.215685049552349
347.0 74.146842323803128
349.0 74.035226774399746
351.0 73.996763120725319
353.0 74.086805494250228
355.0 74.161011854000364
357.0 74.101588780321379
359.0 73.987857439979877
