Contour Advection with Surgery
PV 0.0025 contour

60  24  0.25000000  0.25000000  0.1000000  0.0000000
1 216 0.00000
216 1 78 1.00000
1.0 78.327650191899266
3.0 78.269452797331439
5.0 78.042963117966764
7.0 77.834039431821694
9.0 77.754549033026663
11.0 77.653091402935786
13.0 77.51919444333187
15.0 77.459368793376029
17.0 77.395708097536172
19.0 77.345802141697916
21.0 77.294865218625006
23.0 77.218359735891283
25.0 77.126497719345565
27.0 77.137920172829951
29.0 77.118718797974438
31.0 77.061656725884774
33.0 77.030736161069939
33.393468075900856 77.0
35.0 76.883794895104103
37.0 76.756977622391403
39.0 76.676139653499661
41.0 76.527326158109148
43.0 76.453588160863191
45.0 76.422030132920199
47.0 76.385183520862228
49.0 76.369514084311817
51.0 76.386268937885276
53.0 76.31322342814326
55.0 76.244695505412167
57.0 76.298990553531681
59.0 76.418066329356549
61.0 76.50773954218559
63.0 76.561180979646068
65.0 76.59873609856912
67.0 76.680815349672685
69.0 76.821951876721869
71.0 76.978885796462038
72.263471300774754 77.0
73.0 77.014503440533232
74.160083597384187 77.0
75.0 76.991021284170671
75.346974878850347 77.0
77.0 77.045603092989452
78.999999999999986 77.101613699683099
80.999999999999986 77.07465867500072
82.465726401945375 77.0
83.0 76.977114911692382
85.0 76.789250234149307
87.0 76.590831075352952
89.0 76.479306831176615
91.0 76.383424716474778
93.0 76.296073453998616
95.0 76.194469490044597
97.0 76.000960441375767
99.0 75.756922611892179
101.0 75.630165548304774
103.0 75.594526963301519
105.0 75.431757150230254
106.99999999999999 75.114590102465016
108.98900908349968 75.0
109.0 74.99950828300679
111.0 74.956678177333217
113.0 74.840135292297262
115.0 74.717050383226379
117.0 74.624640418588058
119.0 74.598214000560787
121.0 74.557737486050982
123.0 74.590301541028651
125.0 74.687050973684165
127.0 74.73788882951213
129.0 74.844699930477447
131.0 74.875501161958056
133.0 74.930809192070441
133.85549417356759 75.0
135.0 75.128563768321783
137.0 75.431561904249506
139.0 75.721233783892473
141.0 75.858436898622926
143.0 76.059650632802743
145.0 76.160035780646226
147.0 76.286965584562452
149.0 76.591491758057259
151.0 76.841756735153723
152.93500826138558 77.0
153.0 77.034394655007858
155.0 77.573091695841086
157.0 77.925910297514392
158.45742579815226 79.0
157.0 79.109952816039012
155.0 79.219527064531846
153.0 79.311299648037377
151.0 79.333973702209477
149.0 79.451975651719323
147.0 79.704250943915994
145.0 79.769782830037514
143.0 79.77564429966759
141.0 80.118286522924919
139.0 80.440395461293008
137.0 80.815438193343894
136.43535517162263 81.0
137.0 81.958259706865505
137.60546331048914 83.0
139.0 83.222312655667892
141.0 83.373258775822634
143.0 83.547519342417019
145.0 83.744364511939807
147.0 83.903041292099786
149.0 84.052477405182145
151.0 84.192364967392805
153.0 84.323357212554697
155.0 84.438909002558873
157.0 84.511959604351944
159.0 84.561678678925389
161.0 84.580432800987765
163.0 84.604458037243745
165.0 84.667033342963919
167.0 84.688619289795398
169.0 84.614755352433235
171.0 84.516797499580036
173.0 84.439394239200752
175.0 84.417677091620845
177.0 84.461185632465529
179.0 84.407270102456636
181.0 84.449610036971279
183.0 84.623095051459757
185.0 84.662776790600148
187.0 84.657092705480864
189.0 84.601392643859086
191.0 84.518370428584831
193.0 84.43687693877969
195.0 84.387624526067015
197.0 84.348775119450693
199.0 84.306718671152424
201.0 84.260957527203672
203.0 84.211855679094896
205.0 84.156231759523365
207.0 84.087953634170248
209.0 84.016861933190995
211.0 83.946308275981053
213.0 83.894239120460952
215.0 83.849022100894132
217.0 83.76746450927557
219.0 83.668804636247359
221.0 83.597316616510241
223.0 83.448295387026349
224.99999999999997 83.107059194625407
225.87431878065078 83.0
227.0 82.769631645212556
229.0 82.703284692021143
231.0 82.656180680668228
233.0 82.479713034520273
235.0 82.17304273288201
237.0 81.770285300944707
239.0 81.511073950776179
241.0 81.483501856620094
243.00000000000003 81.301543308343199
244.9909417989418 81.0
245.0 80.998125696586285
247.0 80.853693913891902
249.0 80.752698490880121
251.0 80.434280397350292
253.0 80.167386217286037
255.0 79.996931261102475
257.0 79.904380819117023
259.0 79.970397478323207
261.0 80.054880732475183
263.0 80.041481558762129
265.0 79.890201401769986
267.0 79.765059843188467
269.0 79.763324110683243
271.0 79.760010692012045
273.0 79.766815259346629
275.0 79.890701408447768
277.0 79.964010404029139
279.0 79.906363438173855
281.0 79.83290484134784
283.0 79.849439869256003
285.0 79.987728483550086
287.0 80.103618194437487
289.0 80.180024846567022
291.0 80.202916657953494
293.0 80.150349764810485
295.0 80.108094624764391
297.0 80.158560600216703
299.0 80.185430488686407
301.0 80.118063041158592
303.0 80.065503546082397
305.0 80.121084003648718
307.0 80.163262138356302
309.0 80.163134784241748
311.0 80.174102877972501
313.0 80.1257712940739
315.0 80.071066697492697
317.0 80.06570898147578
319.0 80.084889236517029
321.0 80.118832956192222
323.0 80.133087373216028
325.0 80.060514272974444
327.0 79.986671812124555
329.0 79.977288602707787
331.0 79.972866300952006
333.0 79.931693276183779
335.0 79.854372387133722
337.0 79.781806381248259
339.0 79.724701456995589
341.0 79.673927904326945
343.0 79.58415737599266
345.0 79.390844593844363
347.0 79.090640038518714
348.06287145078142 79.0
349.0 78.919775900788892
351.0 78.923002477781068
353.0 78.915258383072199
355.0 78.705501635910366
357.0 78.419738676150615
359.0 78.329340013604309
