Contour Advection with Surgery
PV 0.003 contour

60  24  0.25000000  0.25000000  0.1000000  0.0000000
1 196 0.00000
196 1 66 1.00000
1.0 66.085866022700827
3.0 65.910143646333012
5.0 65.801021514365061
7.0 65.721749691263469
9.0 65.685753065628234
11.0 65.668856584202075
13.0 65.793373896048024
15.0 65.919842502651917
17.0 65.999278765300687
19.0 66.095501497186717
21.0 66.137911388479012
23.0 66.208264055184941
25.000000000000004 66.408021292866437
26.999999999999996 66.458319634252859
29.0 66.425747015137901
31.0 66.371622598603707
33.0 66.455600074060357
35.0 66.627451906549723
37.0 66.586026150134217
39.0 66.555144056349604
41.0 66.659583090177421
43.0 66.687615784132973
45.0 66.688713923921256
46.999999999999993 66.716232404157097
49.0 66.807007606928636
51.0 66.884486386839697
53.0 66.912473913111739
55.0 66.877862680603528
57.0 66.951147907369872
57.608810527357278 67.0
59.0 67.180019456582642
61.0 67.322780102559506
63.0 67.309324285630368
65.0 67.170287663705636
67.0 67.157976500418741
69.0 67.251479619331533
71.0 67.323257882416428
73.0 67.407902865986443
75.0 67.4240324123178
77.0 67.362146631875746
79.0 67.405131182007722
81.0 67.350474631342166
83.0 67.203646121146477
85.0 67.243496076630606
87.0 67.097665120728337
88.419015264404379 67.0
89.0 66.976876056405857
90.435758031442219 67.0
91.0 67.015807605444664
91.423271888219489 67.0
93.0 66.963820065947189
95.0 66.966594301623132
97.0 66.961603358393589
99.0 66.915307722659051
101.0 66.83010276337599
103.0 66.705727549574476
105.0 66.685892717672061
107.0 66.629895590881219
108.99999999999999 66.573927855331661
111.0 66.513512831073228
113.0 66.445007869361291
115.0 66.503627722445628
117.00000000000001 66.708799058242903
119.00000000000001 66.765525905305196
120.99999999999999 66.827718265637714
123.0 66.919098627381743
125.0 66.998802270921146
125.01070603123971 67.0
127.0 67.598803649751204
129.0 67.911939210995612
131.0 68.042153518087446
133.0 68.344467479098626
135.0 68.654673630638754
137.0 68.809581403936818
139.0 68.916422229968617
140.01426875477463 69.0
141.0 69.304237859313332
143.0 69.641787608101538
145.0 69.744749205637305
147.0 69.970910340382929
149.0 70.219679621765877
151.0 70.242171485126335
153.0 70.239954641948501
155.0 70.338429512852116
157.0 70.465676599638911
159.0 70.600975582314263
161.0 70.691336098044872
163.0 70.655549126774204
165.0 70.613116813664277
167.0 70.606832900318807
169.0 70.533334191662959
171.0 70.476416457597708
173.0 70.534748093281578
175.0 70.513011252928933
177.0 70.410887781584364
179.0 70.170302458952378
181.0 70.026048136522803
183.0 70.454987972143641
185.00000000000003 70.409430977270006
187.0 70.36590161790312
189.0 70.174499690985783
191.0 70.204570420341881
193.0 70.005372347161057
195.0 69.644817366174067
197.0 69.55728478317711
199.0 69.170547295691748
199.28265699279382 69.0
201.0 68.59421937414217
203.0 68.271545105830853
205.0 68.219182840952271
207.0 68.389725238574712
209.0 67.827617764106435
211.0 67.211793458340921
211.5362564090745 67.0
213.0 66.72315799430568
215.0 66.773054460985833
217.0 66.707077606388566
219.0 66.199122908065362
221.0 66.156446949919967
223.0 66.394690482414219
225.0 66.393493624296383
227.0 66.410413072129131
229.00000000000003 66.566202735893157
231.00000000000003 66.623044988691802
233.00000000000003 66.704021471855455
234.99999999999997 66.752925260551478
237.0 66.596896507808907
238.99999999999997 66.68232278785932
241.00000000000003 66.797977342242305
243.0 66.722208282499466
245.0 66.613475615921729
247.0 66.609615703964096
249.0 66.776304167124408
250.73154865625304 67.0
251.0 67.060854875477077
253.0 67.593139918456004
255.0 67.963766992191921
257.0 68.317420258203668
259.0 68.073127412554555
261.0 67.438934117402383
261.90086407177859 67.0
263.0 66.876560998730582
264.51142417162521 67.0
265.0 67.132590657942004
267.0 67.144707671971702
269.0 67.388806973280822
271.0 67.95090625589728
273.0 68.114603349406025
275.0 68.246593573782434
277.0 68.66087380519204
279.0 68.954607113653026
279.82038276059188 69.0
281.0 69.13831028560692
283.0 69.84921125008637
285.0 70.442975778727501
287.0 70.306583416296036
289.0 70.355234996544254
291.0 70.672906411036521
293.0 70.721934131836974
295.0 70.423975296456476
297.0 70.318525794955917
299.0 70.564280540355966
301.0 70.613214940809513
303.0 70.259763079534366
305.0 69.954210328208262
307.0 69.781295305683727
309.0 69.917144508185146
311.0 70.089313826999302
313.0 69.730822661836754
315.0 69.439456219729422
317.0 69.473299868354189
319.0 69.427446902143032
321.0 69.02835964763355
321.15521671608991 69.0
323.00000000000006 68.854830998757578
325.0 68.786534781779551
327.0 68.575653091370143
329.0 68.51297404859227
331.0 68.460272075030048
333.0 68.384517071892219
335.0 68.145378212325554
337.0 67.92043114697293
339.0 67.87309483167283
341.0 67.830352216096315
343.0 67.537373497492879
345.0 67.428033083957274
347.0 67.15549658175533
348.47215882090688 67.0
349.0 66.965648556324055
349.19117515981043 67.0
351.0 67.548768919549758
353.0 67.334599567118985
353.89143198159138 67.0
355.0 66.64753389829589
357.0 66.432854802994626
359.0 66.228144695991659
