Contour Advection with Surgery
PV 0.0027 contour

60  24  0.25000000  0.25000000  0.1000000  0.0000000
1 200 0.00000
200 1 78 1.00000
1.0 78.734298209698224
3.0000000000000004 78.695383366058138
5.0 78.799347030889493
7.0 78.847426514468211
9.0 78.62991771129704
11.0 78.34719729977239
13.0 78.314944570634452
15.0 78.492716274093411
17.0 78.623632082155012
19.0 78.693652541787841
21.0 78.762296853181454
23.0 78.794682397713331
25.0 78.787857153973221
26.984112634175137 79.0
27.0 79.002341183441501
29.0 79.216964298601937
31.0 79.032678706548921
31.968542149585218 79.0
33.0 78.970038665816247
33.456347651377143 79.0
35.0 79.111839451647228
37.0 79.16560401099791
39.0 79.280125434751781
41.0 79.330489997273602
43.0 79.082299537926104
43.55412465381319 79.0
45.0 78.756500707441916
47.0 78.598638285679144
49.0 78.619382713848296
51.0 78.678258689262918
53.0 78.592773290743978
55.0 78.415427057339897
57.0 77.6369421083227
58.26552282794475 77.0
59.0 76.708005613015601
61.0 76.357180353555549
63.0 75.919765860852166
65.0 75.561570353517183
67.0 75.072289865803867
67.463216339925154 75.0
69.0 74.840443852448104
71.0 74.473457677790776
73.0 73.99991759699941
75.0 73.62623973008192
77.0 73.253925243672256
78.980572082911834 73.0
79.0 72.997796415091571
79.085062821600118 73.0
81.0 73.066901085528599
83.0 73.046763544479163
84.205438783270068 73.0
85.0 72.974317359010797
85.32919868493147 73.0
87.0 73.233891358166744
89.0 73.187024278177176
90.349892174565028 73.0
91.000000000000014 72.952498923553094
93.0 72.407892835769331
95.0 72.218445677104256
97.0 72.502611456841265
99.0 72.329114936869502
101.0 72.090112517136447
103.0 72.229251528014117
105.0 72.380236922180927
107.0 72.290457141983666
109.0 72.307898451688146
111.0 72.402564392660636
113.0 72.480447922984524
115.0 72.510105692483421
117.00000000000001 72.597001657915101
119.0 72.673143990610555
121.0 72.710379706301453
123.0 72.80319561337005
125.0 72.944724474341996
125.73268233297293 73.0
127.0 73.129562226675134
129.0 73.243417326075857
131.0 73.395264957204759
133.0 73.629833870830055
135.0 73.784022793644525
137.0 73.977493892268754
139.0 74.228201496173909
141.0 74.458857160107641
143.0 74.580902265749515
145.0 74.527628829476882
147.0 74.43763223627731
149.0 74.418867177267174
151.0 74.541863375475032
153.0 74.679674013793147
155.0 74.587949815719256
157.0 74.404334622670063
159.0 74.281662024058889
161.0 74.497519095809764
163.00000000000003 74.916683171938857
165.0 74.743119270342618
167.0 74.562681042281071
169.0 74.786399125088224
170.07565080849156 75.0
171.0 75.189240158310042
172.5749236006547 75.0
173.0 74.95697407726459
175.0 74.687076330887038
177.0 74.687863360213868
179.0 74.537306399766152
181.0 74.57143751952043
182.35906286992292 75.0
183.0 75.22685490356838
185.0 75.519001898747518
187.0 75.672620442645069
189.0 75.715562443395982
191.0 75.581889229634044
193.0 75.854652230781426
195.0 76.339513159818921
197.0 76.625884410142916
199.0 75.722102913493785
201.0 75.770467785038534
203.0 76.176345857358726
205.0 76.499240642428816
207.0 76.431127138763173
209.0 76.091976865327624
211.0 76.089448556446399
213.0 75.990351219512192
215.0 76.027482296608198
217.0 76.138108759179829
219.0 76.036581905934852
221.0 75.882000446198788
223.0 75.687641110427407
225.0 75.55875729853085
227.0 75.65793643878186
229.0 75.523549152824273
231.0 75.205355399077533
232.44940823337492 75.0
232.99999999999997 74.851005482185172
235.0 74.41732657196404
237.0 74.23706508762811
239.0 74.010776247579656
241.0 73.739079677593864
243.0 73.633348349973105
245.0 73.665024742387885
247.0 73.767564807853518
249.0 73.884784017955099
251.0 73.918391120361875
253.0 73.964553773565711
255.0 74.086083735000457
257.0 74.264925578457039
259.0 74.483410937053037
261.0 74.534095067929172
263.0 74.505950146076842
265.0 74.584049366516766
267.0 74.800253026775437
269.0 74.98656899849442
269.38570657004828 75.0
271.0 75.055474691734616
273.0 75.157582325276607
275.0 75.365245714550596
277.0 75.573967241097932
279.0 75.76307647429087
281.0 76.036225611464957
283.0 76.234280679659605
285.0 76.289612083560243
287.0 76.348992416763579
289.0 76.520592576683569
291.0 76.716258534075237
293.0 76.946546362839456
295.0 76.979945393337218
296.99999999999994 76.953091632340261
299.0 76.999105243415556
299.06502815952729 77.0
301.0 77.032950296356887
303.0 77.349689218483007
305.0 77.48671967965366
307.0 77.416169671837963
309.0 77.470828422922466
311.0 77.48738727897782
313.0 77.606985675782454
315.0 77.805176507763591
317.0 77.922197209305409
319.0 77.963488935814809
321.0 77.991392873781578
323.0 78.026423678142265
325.0 78.129189563779576
327.0 78.313342769969537
329.0 78.474157535672276
331.0 78.574028812724677
332.99999999999994 78.628421486500656
335.0 78.71906602440059
337.0 78.855698758937024
338.70898598296225 79.0
339.0 79.030796616067363
341.0 79.081304713683735
343.0 79.052421469065052
345.0 79.041017356815871
347.0 79.074418873395274
349.0 79.159760792784226
351.0 79.235711503102237
353.0 79.246042360408467
355.0 79.085011485608945
355.66298300132115 79.0
357.0 78.867679332613776
359.0 78.785286417733133
