Contour Advection with Surgery
PV 0.0015 contour

60  24  0.25000000  0.25000000  0.1000000  0.0000000
1 190 0.00000
190 1 58 1.00000
1.0 58.485237798620631
3.0 58.538104531602592
5.0 58.575263170614676
7.0 58.666923396994235
9.0 58.780870746536948
10.999999999999998 58.85412655391081
13.0 58.934923614868595
15.0 58.956066608018638
16.431531705505517 59.0
17.0 59.011403764581864
19.0 59.07332773893652
21.0 59.181668199164584
23.0 59.23811537105879
25.0 59.286643173192672
27.0 59.400143828351716
29.0 59.559163871999573
31.0 59.686928260873039
33.0 59.836594656393217
35.0 59.974218997755059
37.0 60.118877425066707
39.0 60.209846996746762
41.0 60.344643243951751
43.0 60.488005064232127
45.0 60.594145905426466
47.0 60.748332665428372
49.0 60.871356517547909
51.0 60.919415027134214
52.085421517972989 61.0
53.0 61.055751060038681
55.0 61.150100419327352
57.0 61.169936248706755
59.0 61.202352899513919
61.0 61.262012732830321
63.0 61.325115819190366
65.0 61.364341894832513
67.0 61.324524814096037
69.0 61.298419507105493
71.0 61.311523492301994
73.0 61.347149210798676
75.0 61.353604163049418
77.0 61.349643683338059
79.0 61.328335164392854
81.0 61.301473144987327
83.0 61.268779623516636
85.0 61.237122017158192
87.0 61.216236130373439
89.0 61.193869111048848
91.0 61.185182944798733
93.0 61.169685962855461
95.0 61.173765653459576
97.0 61.170972245076179
99.0 61.130528654222672
101.0 61.11474889093401
103.0 61.112074306885354
105.0 61.109510513768377
107.0 61.061710484259393
109.0 61.024628006670589
111.0 61.018084484843072
113.0 61.044182504048763
115.0 61.109245976645312
117.0 61.174263314697747
119.0 61.219063951605449
121.0 61.263178630705347
123.0 61.362725538912301
125.0 61.490421193660019
127.0 61.564487557623707
129.0 61.65108930722414
131.0 61.790057279701855
133.0 61.982107214529947
135.0 62.036981873687182
137.0 62.182635390691686
139.0 62.388464793806023
141.0 62.42657630985579
143.0 62.561506368937792
145.0 62.768313262640234
147.0 62.81837857716949
148.99999999999997 62.920473703849481
149.92834046939623 63.0
151.0 63.085237745119485
153.0 63.16384204142858
155.0 63.258578946758917
157.0 63.31388637458555
159.0 63.403687945158964
161.0 63.504702999247698
163.0 63.555514165813562
165.0 63.598850102263484
167.0 63.60210582280564
169.0 63.596784859300143
171.0 63.549165248869983
173.0 63.514349212604841
175.0 63.43005825611705
177.0 63.368726143815337
179.0 63.188472905574955
181.0 63.091321016547383
183.0 63.036636998438198
183.36192829227826 63.0
185.0 62.790451508898315
187.0 62.612657374355557
188.99999999999997 62.3758733206651
191.0 62.229439674942668
193.0 62.022441164373774
195.0 61.813957019438732
197.0 61.596124511372977
199.0 61.328686551984305
200.92112037939384 61.0
201.0 60.98515378862615
203.0 60.698204077689887
205.0 60.537625912524945
207.0 60.355292541555762
209.0 60.08397281643056
211.0 59.929799819412025
213.0 59.831402769754774
215.0 59.600557380732724
217.0 59.477175373720783
219.0 59.398465538691035
221.0 59.233990680134781
223.0 59.21816745774408
225.0 59.111651733722823
227.0 59.105634185704268
229.0 59.136066497856824
231.0 59.017681606741192
233.0 59.146214755935432
235.0 59.237816908638223
237.0 59.327524002483457
239.0 59.421072549808571
241.0 59.585553419417906
243.0 59.71251218575965
245.0 59.821087792862954
247.0 59.969103283653212
249.0 60.180723873111731
251.0 60.357403808994206
253.0 60.536097751056317
254.99999999999997 60.715858578196595
257.0 60.956323413343426
257.31652978573595 61.0
259.0 61.167463557790263
261.0 61.30636571965988
263.0 61.485362359406778
265.0 61.625252845489584
267.0 61.822441505396014
269.0 62.007097222816341
271.0 62.203481072242276
273.0 62.43344562635609
275.0 62.596131291751902
276.99999999999994 62.855663883301922
278.80309916819846 63.0
279.0 63.012740664109458
281.0 63.069949864862721
283.0 63.19305700893365
285.0 63.18333979072986
287.0 63.245042681010361
289.0 63.292710417302573
291.0 63.289217811179824
293.0 63.316541107230975
295.0 63.336206174980958
297.0 63.345654193871738
299.0 63.324082798329641
301.0 63.30373023890192
303.0 63.228550174526447
305.0 63.13668104208358
307.0 63.077019289306946
309.0 63.010300165730158
309.12646035858643 63.0
311.0 62.816896233544441
313.0 62.660251374343893
315.0 62.542973858398014
317.0 62.3218628029218
319.0 62.181107156694154
321.0 62.037965241773051
323.0 61.794213429203793
325.0 61.606740685205324
327.0 61.438081679701476
329.0 61.291285198717922
330.66712698779054 61.0
331.0 60.936061936942551
333.0 60.712507510701982
335.0 60.585142752428951
337.0 60.420948428307668
339.0 60.195998882803515
341.0 59.962210565302264
343.0 59.771849511098807
345.0 59.587737206744428
347.0 59.406683794336161
349.0 59.237417442635007
351.0 59.110969673058207
352.22030296986145 59.0
353.00000000000006 58.915727307660745
355.0 58.707929543353814
357.0 58.599039306413694
359.0 58.507344420148705
