Contour Advection with Surgery
PV 0.0027 contour

60  24  0.25000000  0.25000000  0.1000000  0.0000000
1 190 0.00000
190 1 64 1.00000
1.0 64.135809697579418
3.0 64.054756554850769
5.0 64.000669658211251
7.0 63.962018986547193
9.0 63.931500919482758
11.0 63.932339800753397
13.0 63.991497535522953
15.0 64.061148373070651
17.0 64.128052714265266
19.0 64.205900291060544
21.0 64.27271745094427
23.0 64.358614146412521
25.000000000000004 64.469873334429408
27.0 64.477686064823374
29.0 64.456771103134514
31.0 64.489014449668943
33.0 64.607629005176591
35.0 64.651849559314371
37.0 64.653508135754095
39.0 64.705412455820849
41.0 64.811849139349079
43.0 64.89923473108469
45.0 64.970981246518662
45.7741376253 65.0
47.0 65.066694702236006
49.0 65.119139015671038
51.0 65.212337527731478
53.0 65.356294391551515
55.0 65.336445141327602
57.0 65.377358883670027
59.0 65.553489382768561
61.0 65.686396452841137
63.0 65.725787330737731
65.0 65.628478810241432
67.0 65.611455424904335
69.0 65.711952678420175
71.0 65.777322288970055
73.0 65.790162316145455
75.0 65.77924437933666
77.0 65.715410796144795
79.0 65.655120887419429
81.0 65.583636003019407
83.0 65.440478519910897
85.0 65.413501075300459
87.0 65.316812480536271
89.0 65.203799654188984
91.0 65.158626028161734
93.0 65.068808772564566
95.0 65.019137216588803
95.350608476054674 65.0
97.0 64.953348033504028
99.0 64.998309905025963
99.595358814483276 65.0
101.0 65.007107682316814
103.0 65.040603867742817
105.0 65.063258288847507
107.0 65.051218505642424
109.0 65.120555476948908
111.0 65.107759630410101
113.0 65.039756005847892
115.0 65.158369661354683
117.0 65.356922060786133
119.0 65.458823552462448
121.0 65.52271786425969
123.0 65.588720141577724
125.0 65.749310591668149
127.0 65.987390783285434
129.0 66.129511509985463
131.0 66.226457930286912
133.0 66.443476612869986
135.0 66.706799906305235
137.0 66.823198439089467
139.0 66.937886413402026
139.44223372772558 67.0
141.0 67.335415099699958
143.0 67.582118553663889
145.0 67.691901521507972
147.0 67.875222826856856
149.0 68.070784763712339
151.0 68.200877058520689
153.0 68.300164724896661
155.0 68.410977538078697
157.0 68.529958017555586
159.0 68.65313273888782
161.0 68.749805706846004
163.0 68.812252185658039
165.00000000000003 68.818464633735303
167.0 68.796378677351981
169.0 68.751875518638471
171.0 68.666413722971512
173.0 68.588450960928043
175.0 68.529293455770926
177.0 68.405106190836037
179.0 68.212406990263787
181.0 68.039495700332395
183.0 68.133101260784642
185.0 68.059125067631015
187.0 67.860428263353469
189.0 67.702652233312165
191.0 67.486191955136661
193.0 67.29247679291926
195.0 67.133584490276519
196.46432189428924 67.0
197.0 66.964935425454698
199.0 66.698699892123074
201.0 66.487577388175495
203.0 66.136041188968605
205.0 65.859888911773425
207.0 65.68618860561962
209.0 65.421440968626783
210.94867742229715 65.0
211.0 64.992386792280712
213.0 64.890973211337652
215.0 64.711655040813326
217.0 64.431228284670524
219.0 64.315675319225804
221.0 64.311435724460736
223.0 64.226042714638851
225.0 64.184480534713131
227.0 64.199546110045191
229.0 64.213868248761486
231.0 64.279825533823143
233.0 64.284376931021228
235.0 64.264939734778636
237.0 64.332655012282316
239.0 64.426597396534916
241.0 64.527027729275531
242.99999999999997 64.641581594987855
245.0 64.655022592490042
246.99999999999997 64.756357038188867
249.0 64.921510681397649
249.78950475114826 65.0
251.0 65.184578323516916
253.0 65.457044895044575
255.0 65.543289382358736
257.0 65.542959101731327
259.0 65.536447014484452
261.0 65.675276769256399
263.0 65.665426571373104
265.0 65.934419887920924
267.0 66.135134473964513
269.0 66.276666541501612
271.0 66.573738735311977
272.99999999999994 66.903751940535543
274.62910146131924 67.0
275.0 67.025048918282451
277.0 67.361787619921898
279.0 67.618376754703675
281.0 67.675900966588856
283.0 67.984677629406974
285.0 68.165482696002101
287.0 68.155741393128551
289.0 68.288600941972931
291.0 68.34458600400103
293.0 68.226566755479411
295.0 68.153132860770057
297.0 68.140820802506809
299.0 68.092922822370355
301.0 68.088182959698116
303.0 68.096852158487621
305.0 67.938626816246781
307.0 67.90221784336579
309.0 67.994947669394804
311.0 67.858084436537212
313.0 67.632233547938029
315.0 67.592194889183048
317.0 67.580384958549544
319.0 67.319248311644273
321.0 67.150820275420912
323.0 67.216295570897557
325.0 67.037635485348702
325.18739680121655 67.0
327.0 66.734479280809808
329.0 66.697368635300151
331.0 66.56997335607889
333.0 66.41085064370445
335.0 66.348146522510561
337.0 66.136678910299509
339.0 65.934439805519858
341.0 65.800056986227347
343.0 65.609295851377595
345.0 65.399621211268055
347.0 65.304650753779569
348.23635221224117 65.0
349.0 64.853751861563779
351.0 64.576496806470388
353.0 64.42352421636663
355.0 64.370976809859087
357.0 64.336918437091981
359.0 64.205470310077104
