Contour Advection with Surgery
PV 0.0015 contour

60  24  0.25000000  0.25000000  0.1000000  0.0000000
1 195 0.00000
195 1 65 1.00000
1.0 65.86501515781913
2.8046816699103689 65.0
3.0 64.96305577523988
5.0 64.344869513312858
7.0 64.01712013117222
9.0 63.637074597422142
11.0 63.674168811232235
13.0 63.905271637822594
15.0 64.01949284347242
17.0 64.214680651075696
19.0 64.345156612643294
21.0 64.465078830106989
23.0 64.591321257506678
25.0 64.594740923810264
27.0 64.734587050621485
29.0 64.742336315560209
31.0 64.794769313764704
32.739936801055222 65.0
33.0 65.020733439521564
33.268241432088907 65.0
35.0 64.754705186305443
37.0 64.597287836228574
39.0 64.508429312663765
41.0 64.166621125830162
43.0 63.652308093337552
45.0 63.433334260945884
47.0 63.418298381473193
49.0 63.016497135006531
49.51885021736269 63.0
51.000000000000007 62.978032381344384
51.523557997671709 63.0
53.0 63.085478716989471
54.181626802817433 63.0
55.0 62.95661142135674
57.0 62.848585861829775
59.000000000000007 62.837224962566573
61.0 62.781172240697089
63.0 62.721807646493147
65.0 62.587022655477867
67.0 62.429952962240698
69.0 62.383223844508066
71.0 62.350147296085161
73.0 62.340437492407347
75.0 62.245657104471178
77.0 62.19622415626673
79.0 62.040758630738495
81.0 61.928427591849086
83.0 61.875594742293188
85.0 61.773244040389642
87.0 61.732691184018577
89.0 61.681936203832805
91.0 61.642422141745385
93.0 61.713769332395103
95.0 61.879419995738346
97.0 61.883135930195934
99.0 61.863031700715496
101.0 62.115743611562749
103.0 62.198992003303147
105.0 62.33074209583679
107.0 62.476700591065828
108.99999999999999 62.544105549477436
110.99999999999999 62.730990763255832
113.0 62.915317247668035
113.73897555673236 63.0
115.0 63.139183882781623
117.0 63.346551317847769
119.0 63.362708453980389
121.0 63.353109781678398
123.0 63.411967532457268
125.0 63.562582605537315
127.0 63.607667436558458
129.0 63.577561848829518
131.0 63.648530895147474
133.0 63.814896502207645
135.0 63.835528306188621
137.0 63.846078116011753
139.0 63.947641094932635
141.0 63.901487418260743
143.0 63.823561458887809
145.0 63.863248701316849
147.0 63.90636788155625
149.0 63.911140084523112
151.0 63.820666121387106
153.0 63.521351380136082
155.0 63.259476249821461
157.0 63.329305393891119
159.0 63.321682517035256
161.0 63.018130273327898
161.14205218598011 63.0
163.0 62.675672078300202
165.0 62.406501355646263
167.0 62.095489271775342
169.0 62.037112520157834
171.0 61.835881453045999
173.0 61.737682239108764
175.0 61.608328478346507
177.0 61.455865461981816
178.05293734524685 61.0
179.0 60.399608164076739
181.0 59.886151270846227
183.0 60.585248611627009
185.0 60.28046102134121
187.0 60.146177420634437
189.0 60.135613858727737
191.0 60.173595494116753
193.0 60.29719609587076
195.0 60.473839521958368
197.0 60.656909447177398
199.0 60.833323845030463
199.97788714693343 61.0
201.0 61.154895191823002
203.0 61.308207252148506
205.0 61.348832062669572
207.0 61.343477821961834
209.0 61.329918985489876
211.0 61.460818896257862
213.0 61.481487242746276
215.0 61.531786049016972
217.0 61.681180697363544
219.0 61.494049620366276
221.0 61.604767270600121
223.0 61.635285058908103
225.0 61.597818543334114
227.0 61.740619778203559
229.0 61.808038385616726
231.0 61.936185036445806
232.99999999999997 62.150591409732243
235.0 62.304016036113673
237.0 62.493434123346383
239.0 62.678061500679682
240.99999999999997 62.870641318859334
242.44613656022239 63.0
243.0 63.05203921692285
245.0 63.272342818497506
247.0 63.57674477510281
249.0 63.880512744956363
251.0 64.152880255226648
253.0 64.417505281107879
255.0 64.655987539467077
257.0 64.957327947748368
257.74420601794031 65.0
259.0 65.05215545278304
261.0 65.252223138547862
263.0 65.315048429790409
265.0 65.399036353925581
267.0 65.561621456199987
269.0 65.632943408784115
271.0 65.802909094480668
273.0 65.989487978270319
275.0 65.997353404801657
277.0 66.215225093523372
279.0 66.348118184985481
281.0 66.339293904375779
283.0 66.568995299417821
285.0 66.707457068407763
287.0 66.901434027350945
287.67221614859352 67.0
289.0 67.166195966235776
291.0 67.229631544438021
293.0 67.355662739367347
295.0 67.472320028237277
297.0 67.435939792292629
299.0 67.522929425958793
301.0 67.690898528308338
303.0 67.858569854711263
305.0 67.924477484366292
307.0 68.092010243161525
309.0 68.248667400435281
311.0 68.201540034271488
313.0 68.186319560187044
315.0 68.332702286906724
317.0 68.410696297458685
319.0 68.383409434436359
321.0 68.397292337593484
323.0 68.516552783839899
325.0 68.463526833987572
327.0 68.366347624147295
329.0 68.488162287956854
331.0 68.532034516669796
333.0 68.526867223946539
335.0 68.587258369459306
336.99999999999994 68.806847221223222
338.99999999999994 68.796150205170761
340.98840116521012 69.0
341.0 69.00117110883906
343.0 69.408577824822615
345.0 69.5979245510743
347.0 69.259568533944915
349.0 69.172251500024458
351.0 69.083531079366253
351.23345377621058 69.0
353.0 67.894992389670932
355.0 67.355964044500823
357.0 67.315158851253955
359.0 67.172069077016175
