Contour Advection with Surgery
PV 0.003 contour

60  24  0.25000000  0.25000000  0.1000000  0.0000000
1 208 0.00000
208 1 82 1.00000
1.0 82.337533173886087
3.0 82.390974630896679
5.0 82.572002646313962
7.0 82.937948902335989
7.4975628922237298 83.0
9.0 83.090426429144244
11.0 83.038639963046322
11.73807494180372 83.0
13.0 82.836163319424401
15.0 82.651429563164328
17.0 82.53574948530823
19.0 82.744363493217293
21.0 82.978528499368338
23.0 82.80873941928165
25.0 82.863141072853125
27.0 82.902059622138523
29.0 82.612032247063794
31.0 82.240439534545303
33.0 82.133154379791989
35.0 82.153452785769446
37.0 82.007861555619058
39.0 81.88971586522274
41.0 81.814127511988374
43.0 81.767815457438132
45.0 82.07320619479529
47.0 82.58431253341638
49.0 82.600656552024645
50.999999999999993 82.465410655552148
53.0 82.710524669907173
54.247936442439446 83.0
53.0 84.645730436548206
52.759331061974976 85.0
53.0 85.176206344236974
55.0 86.557246420870314
57.0 86.620855106408072
59.0 86.639512131819899
61.0 86.6710631056918
63.0 86.686419810320714
65.0 86.7149197909132
67.0 86.71886335549263
69.0 86.386614243187552
71.0 85.561337140967638
73.0 85.181715434394548
75.0 85.089445718421857
75.478654516195448 85.0
75.0 84.426924993278959
73.480116832911762 83.0
75.0 82.277784057149333
76.056672442894126 81.0
77.0 80.686771499383511
79.0 80.100754452177739
81.0 79.546935054086077
83.0 79.081434734139933
84.721051334702295 79.000000000000014
85.0 78.989839521797236
87.0 78.95743968577257
89.0 78.757758105786792
91.0 78.510382933436205
93.0 78.373572187460397
95.0 78.851214431085523
95.661749602684068 79.0
97.0 79.244539124261877
99.0 79.074526695659088
99.482251427327526 79.0
101.0 78.620533757523731
103.0 78.23239048649549
105.0 78.276200513035391
107.0 78.483276905492389
109.0 78.444513616523651
111.0 77.982184690462319
112.90284365090653 77.000000000000014
113.0 76.973363404060095
114.25104761904755 77.0
115.0 77.021264586226508
117.0 77.255454329032034
119.0 77.152534326431308
121.0 77.04896022001769
121.16052374547729 77.0
123.00000000000001 76.617621311491547
125.0 76.553456552529752
127.0 76.944743299906364
127.37491252022255 77.0
129.0 77.263584200364804
131.0 77.478902731530141
133.0 77.773743096937579
135.0 78.138832686271769
137.0 78.42199723341912
139.0 78.700834844016612
140.96489317872641 79.0
141.0 79.005817971014494
143.0 79.173134218882282
145.0 79.273552099706819
147.0 79.476643024773125
149.0 79.656699488848872
151.0 79.680695721858172
153.0 79.688732659841349
155.0 79.736283022348545
157.0 79.698631802133988
159.0 79.552172500481475
161.0 79.606771421592583
163.0 79.911049153091255
165.0 80.3952791524855
167.0 80.647771629551613
169.0 80.494485779004194
171.0 80.21834516249703
173.0 80.250195466459118
174.15580085994966 81.0
175.0 81.774146185489229
177.0 82.115207663295152
179.0 82.356819357754475
181.0 82.064802029139386
183.0 81.622738924590209
185.0 81.428471597813285
187.0 81.340205208108202
189.0 81.514757133709111
191.0 81.690925346144567
193.0 81.771691986321287
195.0 81.731437137015234
197.0 81.644684218027464
199.0 81.392420671146709
201.0 81.225347404729959
203.0 81.294815565946024
205.0 81.192378934724928
206.17820742581637 81.0
207.0 80.85241427722147
209.0 80.633871958441006
211.0 80.613205736421762
213.0 80.302953226534612
215.0 79.943461124577155
217.0 79.87252213293587
219.0 79.585058559764633
221.0 79.299428670945915
223.0 79.183851586729006
224.15307701950951 79.0
225.0 78.88768983283525
227.0 78.592057716171894
229.0 78.389419835892397
231.0 78.197333484459165
233.0 77.952843064233178
235.0 77.726386971677073
237.0 77.535665482513338
239.0 77.260803680666498
240.51910516288518 77.0
241.0 76.908973935383116
243.0 76.634352000111804
245.0 76.565691764463281
247.0 76.40070586123187
249.0 76.369499903061637
251.0 76.447832716517524
253.0 76.605468849960559
255.0 76.831409365063763
257.0 76.983726198113814
258.46148937702554 77.0
259.0 77.006003237574333
260.437581350637 77.0
261.0 76.997847493904104
263.0 76.940260541909026
263.48279369053205 77.0
265.0 77.24403008045023
267.0 77.72572806742707
269.0 77.823177526149664
271.0 77.796763657138712
273.0 77.7955329833691
275.0 77.971897589672793
277.0 78.340283064765529
279.0 78.571053274651433
281.0 78.742173006177438
283.0 78.876669356407803
284.99999999999994 78.907436348043447
287.0 78.906891045378032
289.0 78.954459090106894
289.68422209732967 79.0
291.0 79.120952424856597
293.0 79.415968753409416
295.0 79.630777238910426
297.0 79.816887890024063
299.0 79.918548234929148
301.0 79.95086218911635
303.0 80.101922436475149
305.0 80.143749205928373
307.0 80.053031107283033
309.0 80.230873702334605
311.0 80.45691048188624
313.0 80.447111141343967
315.0 80.533428915054714
317.0 80.580682199597305
319.0 80.478997257409304
321.0 80.827436514154854
321.65301985878733 81.0
323.0 81.384604300288672
325.0 81.533961463948714
327.0 81.768859420040997
329.0 81.86332356598237
331.0 81.858182428018921
333.0 81.937772723587017
335.0 82.037623014984263
337.0 82.118979973025347
339.0 82.163963515448074
341.0 82.132163568918074
343.0 82.17179412972564
345.0 82.32716929991966
347.0 82.470961498742227
349.0 82.535507541865897
351.0 82.467434169057427
353.0 82.321598633826483
355.0 82.207037685486142
357.0 82.20604439829637
359.0 82.27482369033811
