Contour Advection with Surgery
PV 0.0012 contour

60  24  0.25000000  0.25000000  0.1000000  0.0000000
1 198 0.00000
198 1 57 1.00000
1.0 57.797986196256772
3.0 57.813177147479614
5.0 57.859299119025593
7.0 57.825869706406749
9.0 57.964425622071104
11.0 57.935822146164476
13.0 58.109591615099902
15.0 58.220673591125632
17.0 58.652835663491679
18.773839698916635 59.0
19.0 59.031147159149185
21.0 59.367312712838512
23.0 59.166736223769242
23.543569702336839 59.0
23.0 57.765329890495622
22.466749287072911 57.0
23.0 56.874590962568817
25.0 56.817196537315318
27.0 56.983520511445199
27.203594622132012 56.999999999999993
29.0 57.261749050227564
31.0 57.360007215379184
33.0 57.672283900996504
35.0 58.366616664861965
37.0 58.466940374312273
39.0 58.546466833655927
41.0 58.833907447583499
42.638131167279283 59.0
43.0 59.032769193807091
45.0 59.169388288118235
47.0 59.364338368967076
49.0 59.433963744080351
51.0 59.482388718790659
53.0 59.459389308663816
55.0 59.450800416965592
57.0 59.433472931495778
59.0 59.341310948441979
61.0 59.333499141708394
63.0 59.388539310545823
65.0 59.378036988827986
67.0 59.27934098240398
69.0 59.224216112556533
71.0 59.184319987086639
73.0 59.065777699838485
74.046452355496143 59.0
75.0 58.943415645010496
77.0 58.809492939168692
79.0 58.71022059145848
81.0 58.628119300054685
83.0 58.565489149713322
85.0 58.540653187765649
87.0 58.541770702060347
89.0 58.5405675050187
91.0 58.560395419625067
93.0 58.632448820678327
95.0 58.668166880953066
97.0 58.800121348835617
98.800618213436266 59.0
99.0 59.023982794861126
101.0 59.150803766932363
103.0 59.36237943994314
105.0 59.424114311978855
107.0 59.473726598273167
109.0 59.593205514504284
111.0 59.695095274671303
113.0 59.847348465461394
115.0 60.021970515050441
117.0 60.143769643961207
119.0 60.199922056404752
121.00000000000001 60.228637952494438
123.0 60.208824456797188
125.0 60.090127235869645
127.0 59.992660521508306
129.0 59.94915075870604
131.0 60.125235507107405
133.0 60.161466740166674
135.0 60.252868996954078
137.0 60.318585595312157
139.0 60.288695128815093
141.0 60.022680025893727
143.0 59.884584698044073
145.0 59.608565752545559
147.0 59.514497630482843
149.0 59.542080318903132
151.0 59.392305323068939
152.35809630714641 59.0
153.0 58.708682110699016
155.0 58.257372838906598
157.0 58.237623328922268
159.0 57.991943350672244
161.0 57.368698339473788
163.0 57.119555594433251
165.0 57.084341915524419
165.73441722503838 57.0
167.0 56.841208122372151
169.0 56.612872849662295
171.0 56.30438041312577
173.0 55.947004162957427
175.0 55.764743350392123
177.0 55.693493825626931
179.0 55.463909526137172
181.0 55.698576216151814
183.0 55.536110380769003
185.0 55.487517252154618
187.0 55.524180250050257
189.0 55.592121475421109
191.0 55.580378469046536
193.0 55.617549709043033
195.0 55.443991749120656
197.0 55.316194272688705
199.0 55.137739971510634
201.0 55.249769990742699
203.0 55.326343683615931
205.0 55.441020658241015
207.0 55.559040261706684
209.0 55.99638595568868
211.0 56.257828070663905
213.0 55.715876685030132
215.0 56.198351448266664
217.0 56.519906681665383
219.0 56.74566412638692
221.0 56.899071263399705
222.33551484639594 57.0
223.0 57.043721178951827
225.0 57.26257441670181
227.0 57.554917084242348
229.0 57.925258811190623
231.0 58.163425001657856
233.0 58.591894700960793
235.0 58.936775160868336
235.44025215959468 59.0
237.0 59.185733628203458
239.0 59.473662613177154
241.0 59.768273735963177
243.0 59.957440278297241
245.0 60.129309133021003
247.0 60.418010478448309
248.99999999999997 60.721338006940861
251.0 60.804785584692794
253.00000000000003 60.858949660730985
255.0 60.841242389112139
257.0 60.907076565771341
259.0 60.987326588110818
259.24313740319002 61.0
261.0 61.144416606297206
263.0 61.482294901343003
265.0 61.645425916893203
267.0 61.98072572589188
269.0 62.21027989537464
271.0 62.351531826588015
273.0 62.600967251206221
275.0 62.618355672655525
277.0 62.772232417434275
278.90664508500129 63.0
279.0 63.014319897541696
281.0 63.199688861423695
283.0 63.414766083688306
285.0 63.555760620794047
287.0 63.689887936746516
289.0 63.679445793370576
291.0 63.741002167742366
293.0 63.848722517459109
295.0 63.976330961827585
297.0 64.119105190685858
299.0 64.087485668650075
301.0 64.020269468939574
303.0 64.044163070549516
305.0 64.196756488781631
307.0 64.271186889516613
309.0 64.265757792813929
311.0 64.310791914915711
313.0 64.390698314940707
315.0 64.403255281393115
317.0 64.371918510878018
319.0 64.325064657528472
321.0 64.18016190518702
323.0 63.843984384595061
325.0 63.721471339681713
327.0 63.62456812419488
329.0 63.242751503692816
330.13918844753766 63.0
331.0 62.7093665031909
333.0 61.947338121261502
335.0 61.463577864704227
336.77736812544333 61.0
337.0 60.943594437914342
339.0 60.455163809905038
341.0 59.987544361241866
343.0 59.543716589410359
345.0 59.153271823004886
346.89571995137254 59.0
347.0 58.989866035117991
349.0 58.50330946988737
351.0 58.121924100793663
353.0 57.802917171602132
355.0 57.737820311444217
357.0 57.753707685352552
359.0 57.754706280318374
