Contour Advection with Surgery
PV 0.001 contour

60  24  0.25000000  0.25000000  0.1000000  0.0000000
1 198 0.00000
198 1 53 1.00000
1.0 53.679033533647093
3.0 53.477622973847254
5.0 53.279591862112959
5.9633117531681696 53.0
7.0 52.801834733774385
9.0 52.409835490780466
11.0 52.191828490138469
13.0 52.17780266400581
15.0 52.282033296480883
17.0 52.593645049157473
18.809863507287012 53.0
19.0 53.044978636344489
21.0 53.385416701278018
23.0 53.679412753700532
25.0 54.113295402974387
27.0 54.485312592585636
28.999999999999996 54.75488446730953
30.223300663330914 55.0
31.0 55.146482614218378
33.0 55.447595553385106
35.0 55.676018171838273
37.0 55.842844957072884
39.0 56.082867985698442
41.0 56.30285715124846
43.0 56.505642666350866
45.0 56.649463978413422
47.0 56.739266618158297
49.0 56.803801147972365
51.0 56.791723557841607
53.0 56.810536370131338
55.0 56.922700582011409
57.000000000000007 56.963468958122256
59.0 56.912268632549328
61.0 56.986564422433439
61.286695203093842 57.0
63.0 57.096212543704404
65.0 57.084071808120925
67.0 57.051899026449107
68.298891104696935 57.0
69.0 56.975042476019347
71.0 56.917893776662275
73.0 56.86311098707624
75.000000000000014 56.835747861972081
77.0 56.802023680856635
79.0 56.771521548079548
81.0 56.754775766324414
82.999999999999986 56.737592130640643
84.999999999999986 56.736678262820888
87.0 56.752988155516981
89.000000000000014 56.769706491886893
91.0 56.786549878898427
93.0 56.861263738092596
95.0 56.95145910261725
95.976644954962211 57.0
97.0 57.045428896368691
99.0 57.191659515677166
101.0 57.20833984860468
103.0 57.341993112546639
105.0 57.36020064945599
107.0 57.359383587254456
109.0 57.374903436116796
111.0 57.306191231992095
113.0 57.270630615296632
115.0 57.287905678004172
117.0 57.306676376308175
119.0 57.263092150458156
121.0 57.057291701467278
123.0 57.088360411333838
125.0 57.203873032520903
127.0 57.151980788856363
129.0 57.184416820863945
131.0 57.196729550502603
133.0 57.091630845662337
133.49056700334137 57.0
135.0 56.745744113189048
137.0 56.380512796696337
139.0 56.130009899466245
141.0 56.022423454936941
143.0 55.912204582942898
145.0 55.969288221231089
147.0 55.78179024080216
149.0 55.63641187144043
151.0 55.449470527974668
153.0 55.109935264689412
153.70134511281017 55.0
155.0 54.837532750573857
157.0 54.731982932043671
159.0 54.619642400296399
161.0 54.454941537487052
163.0 54.18151304339591
165.0 53.97603929962635
167.0 53.729181374282462
169.0 53.529328080699599
171.0 53.511070629127801
173.0 53.329901022996594
175.0 53.105258929825787
175.99648867790691 53.0
177.0 52.878947370412988
179.0 52.799826088924284
181.00000000000003 52.628869399602173
183.0 52.415468786945915
185.0 52.337164802577192
187.0 52.277772019840455
189.0 52.180996228513791
191.0 52.062837495544173
193.0 51.988530673882778
195.0 51.953088950096642
197.0 51.880138609920408
199.0 52.033031261665926
201.0 52.160669302534366
203.0 52.297052840593111
205.0 52.446549232797807
206.99999999999997 52.637454918553551
209.0 52.747362649754308
211.0 52.932636054096776
211.15487341913595 53.0
213.0 53.461517518768858
215.0 53.306304651866775
217.0 53.464005108004571
219.0 53.771346608086091
221.0 54.064116556453769
223.0 54.374251512465371
225.0 54.771244888791806
226.44329912218291 55.0
227.0 55.078943482357026
229.0 55.508700376506916
231.0 55.775277481281321
233.0 56.046269821281136
234.99999999999997 56.388983865041851
237.0 56.638047894931219
239.0 56.99874255234937
239.00760225826019 57.0
241.0 57.328530358289697
243.0 57.500758120106141
245.0 57.593463925593205
247.0 57.82894701556971
249.0 58.122429074143966
251.0 58.311724220283651
253.0 58.404073927672499
255.0 58.598690201250093
257.0 58.75042645409772
258.26074888334944 59.0
259.0 59.15498702207357
261.0 59.395813704705148
263.0 59.68366233075561
265.0 59.930376164384704
267.0 60.160028595083986
269.0 60.403314647356666
271.0 60.531266661495636
273.0 60.802886482028207
275.0 60.935684424588118
275.94132188365654 61.0
277.0 61.053527939914915
279.0 61.156358721881013
281.0 61.198257079920083
283.0 61.262538856428115
285.0 61.370010868495413
287.0 61.471330703138875
289.0 61.49770671781225
291.0 61.620258920763561
293.0 61.4474273880612
295.0 61.557827913490797
297.0 61.691776929013656
299.0 61.702232221225366
301.0 61.720426131553424
303.0 61.645468933861309
305.0 61.63378323539807
307.0 61.660252489488371
309.0 61.523962296133149
311.0 61.396772923345516
313.0 61.30585651248208
315.0 61.109827066858507
316.5120760637277 61.0
317.0 60.965537494842437
318.99999999999994 60.793697402529816
321.0 60.52052796389971
323.0 60.131517631374308
325.0 59.595726509226125
327.0 59.290989357495647
328.58992993656125 59.0
329.0 58.930799629612615
331.0 58.565147542562642
333.0 57.954393315212954
335.0 57.432706170220541
336.96603943979392 56.999999999999993
337.0 56.994084497341632
339.0 56.676489057471734
341.0 56.291096009313478
343.0 55.845144979415679
345.0 55.370211282229675
346.57466385174763 55.0
347.0 54.921401519338517
349.0 54.68464585274485
351.0 54.31399502390704
353.0 54.130200197289959
355.0 53.996789154750395
357.0 53.859258626560582
359.0 53.843646445025072
