Contour Advection with Surgery
PV 0.0027 contour

60  24  0.25000000  0.25000000  0.1000000  0.0000000
1 270 0.00000
270 1 77 1.00000
1.0 77.059404689000658
2.1314923100718342 77.0
3.0 76.959909418600432
5.0 76.705452770429559
7.0 76.52819507920502
9.0 76.450641955483661
11.0 76.304694599823506
13.0 76.162881645235899
15.0 76.110310334133075
17.0 76.061330189931908
19.0 76.016322391141557
21.0 75.931252891339071
23.0 75.865227475132031
25.0 75.809020720992905
27.0 75.889903235738501
29.0 75.883206238603776
31.0 75.789179589698335
33.0 75.723226110228154
35.0 75.603668730631242
37.0 75.547956965855803
39.0 75.48557352848232
41.0 75.399793263234983
43.0 75.35124890060392
45.0 75.256714926729742
47.0 75.225317278897961
49.0 75.148354657536089
51.0 75.185824729338989
53.0 75.27004288221201
55.0 75.308148458338067
56.999999999999993 75.3795577171133
59.0 75.348888557968166
61.0 75.326886201850485
63.0 75.430013307847844
65.0 75.503900208326286
67.0 75.55371519549891
69.0 75.668108825824788
71.0 75.750031008863118
73.0 75.778385465139252
75.0 75.752883378196344
77.0 75.7723829484124
79.0 75.863748638372627
81.0 75.91226976786055
83.0 75.885980403633923
85.0 75.791072927691431
87.0 75.686768753305415
89.0 75.604989651934631
91.0 75.523900071043897
93.0 75.453978317894794
95.0 75.31670503803845
97.0 75.082503803284126
97.670999867821479 75.0
99.0 74.831106222493105
101.0 74.741967752192338
103.0 74.658562979187536
105.0 74.410391356210397
107.0 74.178254384668946
109.0 74.091629164808268
111.0 73.980447740645758
113.0 73.827454929545084
115.0 73.730198975344038
117.0 73.716649499412028
118.99999999999999 73.723968008663135
121.0 73.673040482457068
123.0 73.657141957901032
125.0 73.694923422300164
127.0 73.751770406923313
129.0 73.863279694672016
131.0 73.882599527356717
133.0 73.846322819332542
135.0 74.00980123019491
137.0 74.207921469085761
139.0 74.388998444977972
141.0 74.434403155983318
143.0 74.525504280099241
145.0 74.772841653818034
146.92624280659493 75.000000000000014
147.00000000000003 75.008747159030037
149.0 75.167061415635857
151.0 75.206986177234086
153.0 75.408894907241361
155.0 75.622255548210916
157.0 75.695817854493754
159.0 75.790560359592803
161.0 75.908850597790988
163.0 76.067000286031117
165.0 76.123453913778505
167.0 76.063846359800053
169.0 76.036986598947593
171.0 76.126571112772154
173.0 76.244160371764877
175.0 76.163118913342558
177.0 76.024115095676436
179.0 76.038206735414263
181.0 76.166660815256037
183.0 76.217411804121625
185.0 76.034817167549761
187.0 75.892653517052892
189.0 75.920030151054462
191.0 75.989309365285521
193.0 75.997946199586949
195.0 75.83792007616303
196.99999999999997 75.69988104171901
199.0 75.87841344415736
201.0 76.070876282927074
203.0 76.215437790406696
205.0 76.329351194605294
207.0 76.39370312729686
209.0 76.446522505566094
211.0 76.270916420198049
213.0 76.245650880840174
215.0 76.406363923232064
217.0 76.638926711863775
218.96216501029707 77.0
217.0 78.603198051016307
216.37997255262525 79.0
215.0 79.139579812732805
213.0 79.311038772622538
211.0 79.331371723256296
209.0 79.27193248303935
207.0 79.591934116365223
205.0 79.893358160896724
203.0 79.952203413678546
201.0 80.01844772499274
199.0 80.084047255024259
197.0 80.190773136004026
195.0 80.404935603053644
193.0 80.704919994348558
191.0 80.892237598929952
189.0 80.974802079243332
187.0 80.744005424595997
185.0 80.368369852511023
183.0 80.329711838512793
181.0 80.971542737230294
179.76086989567816 81.0
179.0 81.022047027293283
178.86598144113401 81.0
177.0 80.823589755870955
174.99999999999997 80.636887188831764
173.0 80.200256806863223
171.0 80.129391415290954
169.0 80.270857067106249
167.0 80.432341855127845
165.0 80.484157489708849
163.0 80.476617348132592
161.0 80.444483552329586
159.0 80.468970430974025
157.0 80.625686318768771
155.0 80.790540923393749
153.0 80.98674205733802
152.84025145005876 81.0
151.0 81.647097657967379
149.0 82.925141741657029
148.93147227734917 83.0
149.0 83.006462812984793
151.0 83.190868004609953
153.0 83.368714257073194
155.0 83.550808034118219
157.0 83.680154123205952
159.0 83.759726476014066
161.0 83.763007463749659
163.0 83.77124259732399
165.0 83.859949498904228
167.0 83.918145557678343
169.0 83.899409731939045
171.0 83.828032623809236
173.0 83.721003797964329
175.0 83.661685917862997
177.0 83.706844882826019
179.0 83.647879459122322
181.0 83.662154546696286
183.0 83.870341139278494
185.0 83.908272383259543
187.0 83.869072303761712
189.0 83.772926504945758
191.0 83.683909697644111
193.0 83.618624669207804
194.99999999999997 83.576253668009826
197.0 83.540763553979872
198.99999999999997 83.513545497969261
201.0 83.477428491758971
203.0 83.41903170517061
205.0 83.347772273204924
207.0 83.261098782762204
209.0 83.175400738708632
211.0 83.092182904336738
213.0 83.042125202973793
215.0 83.005059198995497
215.12888073284276 83.0
217.0 82.774933017021809
219.0 82.508902714629812
221.0 82.330238845358451
223.0 82.04297329496967
225.0 81.558854477393979
227.0 81.292164550151711
229.0 81.214948108464014
231.00000000000003 81.181591008196136
233.0 81.154008666993334
234.82030993515201 81.0
235.0 80.945070961050547
237.0 80.029525583914776
238.99999999999997 79.78658305453024
240.99999999999997 79.889753408322107
243.0 79.653455935800864
245.0 79.383655385586934
247.0 79.423481471281889
249.0 79.413797334646787
251.0 79.298964728024401
253.0 79.124215172728697
254.18979504932068 79.0
255.0 78.793947867863594
257.0 78.444783423731792
259.0 78.58179575924072
260.8410697000711 79.0
261.0 79.012344620642608
263.0 79.088100516205941
264.21281752801781 79.0
265.0 78.866473932836158
267.0 78.527840657501088
269.0 78.502976685415859
271.0 78.511457053944824
273.0 78.596091153871669
275.0 78.989121075841837
275.08806990390775 79.0
277.00000000000006 79.104518869484878
279.0 79.018836887909387
279.32593434938451 78.999999999999986
281.0 78.777194485046124
283.0 78.895137693712911
283.5664936943333 79.0
285.0 79.14971510820844
287.0 79.284106747950602
289.0 79.293317802043973
291.0 79.204975917729087
293.0 79.103445973807695
295.0 79.063848193859315
297.0 79.139139883388765
299.0 79.1863505341164
301.0 79.128227132542236
303.0 79.042562873877827
305.0 79.065786796153475
307.0 79.14746578259782
309.0 79.148546021577005
311.0 79.116268242306319
313.0 79.016710027720293
313.40748392865572 79.0
315.0 78.913705650939235
317.0 78.925110420170967
319.0 78.972232792476632
319.5145162694331 79.0
321.0 79.063009771416844
323.0 79.116218997471421
324.85758643734272 79.0
325.0 78.988094621723789
327.0 78.868906258776548
329.0 78.895854658646627
331.0 78.902659653239397
333.0 78.890926545389078
335.0 78.796994542866315
337.0 78.667814410273493
339.0 78.583833709822756
341.0 78.546004638883801
343.0 78.490532858817531
345.0 78.325976829401071
347.0 78.001853879247761
349.0 77.716351566214769
351.0 77.721875088512149
353.0 77.802618674873585
355.0 77.617646936918518
357.0 77.23379469179028
359.0 77.057739540192273
