Contour Advection with Surgery
PV 0.002 contour

60  24  0.25000000  0.25000000  0.1000000  0.0000000
1 192 0.00000
192 1 60 1.00000
1.0 60.851958052908117
3.0 60.846180893381153
5.0 60.842881298800137
7.0 60.871920952584802
9.0 60.897361700585378
11.0 60.920316897449688
13.0 60.945508537507209
15.0 60.979701706176918
16.286831188852641 61.0
17.0 61.011429829083667
19.0 61.095471180863761
21.0 61.218192834084761
23.0 61.328913765811777
25.0 61.376751493940887
27.0 61.455037848522487
29.0 61.540100284443284
31.0 61.625222328634777
33.0 61.724516983738745
35.0 61.834692639433364
37.0 61.943186817674899
39.0 62.060577035539126
41.0 62.175881998010155
43.0 62.23976653120846
45.0 62.380426356817807
47.0 62.527637611992731
48.999999999999993 62.548161557946187
51.0 62.66512084477916
53.0 62.811398010033628
55.0 62.865254246635416
57.0 62.866592130696041
59.000000000000007 62.946600512272575
60.048747505523338 63.0
61.0 63.047955731136298
63.0 63.096904327965248
65.0 63.080503817699395
67.0 63.058000854688117
69.0 63.090330017793448
71.0 63.13937281355858
73.0 63.166630721495565
75.0 63.147441583511707
77.0 63.118028065710945
79.0 63.051857616504037
81.0 63.003814063320817
81.097918837948257 63.0
83.0 62.927190454585656
85.0 62.875527954679704
87.0 62.824399633358396
89.0 62.756772274359825
91.0 62.704293929522613
93.0 62.667860163297007
95.000000000000014 62.670829902404265
97.0 62.647634205871277
99.0 62.653338820928219
101.0 62.664515746130022
103.0 62.708441065927659
105.0 62.721227880558637
107.0 62.723286883891873
108.99999999999999 62.707148075037438
111.0 62.71554637307532
113.0 62.739460161066418
115.0 62.828196194747541
117.0 62.928676410439387
118.99999999999999 62.972032765052838
120.44935944836921 63.0
121.0 63.010399176476369
123.0 63.096050790872141
125.0 63.291255756154797
127.0 63.432609004771791
129.0 63.475603529903623
131.0 63.635378092462545
133.0 63.875922715070715
135.0 64.006397854834375
137.0 64.129480252881805
139.0 64.328178489073352
141.0 64.518836171356838
143.0 64.633133199119285
145.0 64.794388351002212
147.0 64.930588451266004
148.05170229441416 65.0
149.0 65.061113587203636
151.0 65.219369473617647
153.0 65.328900603841348
155.0 65.436697537164818
157.0 65.530154741596363
159.0 65.614607779077588
161.0 65.670077499240833
163.0 65.718775206546411
165.0 65.740937591443284
167.0 65.7475765700609
169.0 65.7168628223871
171.0 65.718698918395873
173.0 65.68222372210883
175.0 65.614470645216485
177.0 65.519780660855744
179.0 65.321093156218993
181.0 65.151159877205245
183.0 65.1180733039443
184.32101241868716 65.0
185.0 64.936993546967784
187.0 64.736950324601139
189.0 64.53856357682713
191.0 64.322254140480212
193.0 64.136574797295623
195.0 63.956119561779047
197.0 63.741160931695418
199.0 63.545475051632465
201.0 63.178123439837663
201.90042484467727 63.0
203.0 62.788913632999972
205.0 62.635870992300305
207.00000000000003 62.469188452426273
209.0 62.236563910693476
211.0 61.999558345275098
213.0 61.885883795298767
215.0 61.700193693040163
217.0 61.523881391454466
219.0 61.450461294262837
221.0 61.339029513643339
223.0 61.258982966156076
225.0 61.252266152034387
227.0 61.206083168235033
229.0 61.219438263972336
231.0 61.179655293487912
233.0 61.198745332098589
235.0 61.31600893957885
237.0 61.294166291733937
239.0 61.441414905613676
241.0 61.595095011048045
243.0 61.710010950323607
245.0 61.820804166744523
247.0 61.937738130648775
249.0 62.148056318208205
251.0 62.275711814211803
253.0 62.429475726504791
255.00000000000003 62.571289513351665
257.0 62.783250078576721
259.0 62.931803207466565
259.47251933266068 63.0
261.0 63.200780093124777
263.0 63.410667549879051
265.0 63.560685247874886
267.0 63.803879616426002
269.0 63.962008817804275
271.0 64.132332523674791
273.0 64.368918862640854
275.0 64.466462243977062
277.0 64.674350045113258
279.0 64.850308798937931
281.0 64.935770612208898
281.73795896202165 65.0
283.0 65.111065412104111
285.0 65.169561179773822
287.0 65.186144555849054
289.0 65.242794285980764
291.0 65.209132205892786
293.0 65.191576874919193
295.0 65.192296136236592
297.0 65.180619204760305
299.0 65.228846219804169
301.0 65.233218629515022
303.0 65.182023951331558
305.0 65.092966070396159
307.0 65.024008343614014
309.0 65.02336428166744
309.82773521198271 65.0
311.0 64.963456527201544
313.0 64.778282611092649
315.0 64.637300511699095
317.0 64.474480131327141
319.0 64.290710146003008
321.0 64.17373329720354
323.0 63.976663310820953
325.0 63.836842942690708
327.0 63.725553936962584
329.0 63.468281551062603
331.0 63.225829047861268
333.0 63.018006585465542
333.21903917903023 63.0
335.0 62.861355611326232
337.0 62.719971004934166
339.0 62.508904393600844
341.0 62.293855602268437
343.0 62.110234248923312
345.0 61.946747621703125
347.0 61.754550329031616
349.0 61.637065680802721
351.0 61.445334231371184
353.0 61.280813330473741
355.0 61.082685073196188
356.68201968897733 61.0
357.00000000000006 60.983491959653691
359.0 60.882427736284775
