Contour Advection with Surgery
PV 0.0025 contour

60  24  0.25000000  0.25000000  0.1000000  0.0000000
1 190 0.00000
190 1 63 1.00000
1.0 63.00467107186406
1.4239813542102699 63.0
3.0 62.98689329961671
5.0 62.990821619861066
6.9999999999999991 62.979713300090907
9.0 62.962275035977314
11.0 62.965303778544893
13.000000000000002 62.980987910176879
13.920920702012303 63.0
15.0 63.028242483418069
17.0 63.067781634335759
19.0 63.139493347320467
21.0 63.245073179835529
23.0 63.365473161865864
25.0 63.485710616148978
27.0 63.503221475139625
29.0 63.537334330200196
31.0 63.606069792218619
33.0 63.721753201784765
35.0 63.793176385208312
37.0 63.81211617566322
39.0 63.922239890592053
41.0 64.036339312959868
43.0 64.095419189721568
45.0 64.213308018563566
47.0 64.318890248375197
49.0 64.339658293081783
51.0 64.427025723803851
53.0 64.545313434183498
55.0 64.548016090572844
57.0 64.564954889329172
59.000000000000007 64.677010390791565
61.0 64.774933294732378
63.0 64.819111342433501
65.0 64.756392414546596
67.0 64.741880455007731
69.0 64.819341110923247
71.0 64.879477859172368
73.0 64.880744086513303
75.0 64.862231447688927
77.0 64.812023268847966
79.000000000000014 64.74609739250765
81.0 64.691355705446895
83.0 64.596033582586998
84.999999999999986 64.566060938964355
87.0 64.507962147099747
89.0 64.43673214157667
91.0 64.395837604543942
93.0 64.345943705956103
95.0 64.328743112102359
97.0 64.280578257466018
99.0 64.316498989380264
100.99999999999999 64.326675999446493
103.0 64.359176101683303
105.0 64.374218114797102
107.0 64.373089731300524
109.0 64.40445823272232
111.0 64.403241365234862
112.99999999999999 64.376859992113594
115.0 64.46419320676506
117.0 64.597666246475839
119.0 64.677302279914926
121.0 64.72606034459686
123.0 64.774296842763363
125.0 64.933987491047617
125.6640127422842 65.0
127.0 65.166021381584443
129.0 65.269207377439528
131.0 65.393603200358356
133.0 65.647764174604163
135.0 65.91151143918681
137.0 66.027369891696083
139.0 66.183795651259771
141.0 66.45768922701194
143.0 66.629073953551057
145.0 66.740966401927722
147.0 66.929739797371809
147.81842429491689 67.0
149.0 67.120708437162307
151.0 67.279526600308913
153.0 67.411356183164244
155.0 67.529472647741699
157.0 67.656152684149006
159.0 67.756408251807159
161.0 67.820929650890264
163.0 67.868600424152177
165.0 67.883010421300639
167.0 67.880715267551096
169.0 67.856631386414392
171.0 67.822513006141662
173.0 67.752719664498514
175.0 67.694321310226101
177.0 67.570770683227892
179.0 67.368306834217066
181.0 67.148782611986775
183.0 67.171924633779398
185.0 67.033398161200353
185.23408551844196 67.0
187.0 66.797414878137417
189.0 66.63461905598831
191.0 66.416360485022338
193.0 66.270483164229915
195.0 66.125056575865884
197.0 65.911607104318307
199.0 65.678154021622902
201.0 65.380552872099685
202.71036910681653 65.0
203.0 64.94939781860279
205.0 64.744373780563748
207.0 64.625845749108507
209.0 64.40536130922905
211.0 64.111892544032742
213.0 63.9778197044932
215.0 63.801579496339812
217.0 63.48289311772804
219.0 63.389319587072976
221.0 63.342600580854366
223.0 63.113441196489646
225.0 63.13868116268452
227.0 63.178095533111488
229.0 63.069150336988059
231.0 63.22011363306919
233.0 63.264095919023035
235.0 63.214481321508757
237.0 63.304348894113588
239.0 63.457091403441154
241.0 63.582107474222127
243.0 63.730039560588821
245.0 63.793233489439743
247.0 63.931338264594856
249.0 64.11775342991281
251.0 64.282835505879888
253.0 64.453127487327819
255.0 64.511390192516046
257.0 64.542908855048395
259.0 64.601336341350191
261.0 64.807657542064874
263.0 64.895545549887004
263.78528955993545 65.0
265.0 65.199831222907022
267.0 65.51942769655102
269.0 65.670828974067277
271.0 65.905292546651509
273.0 66.191345094908826
275.0 66.290846783724362
277.0 66.556694509343714
279.0 66.764939890553919
281.0 66.797658159782046
283.0 66.997638791582347
283.05678766110287 67.0
285.0 67.112719159400513
287.0 67.136728219168987
289.0 67.25016590909091
291.0 67.256284060372707
293.0 67.157086809065873
295.0 67.152897694027018
297.0 67.118928515770449
299.0 67.031629307985654
301.0 67.079777609121976
303.0 67.095676777566041
303.83880508253759 67.0
305.0 66.904156103419538
307.0 66.885788755020783
309.0 66.946964866589781
311.0 66.825037952748005
313.0 66.661135810553588
315.0 66.633647677267959
317.0 66.58736091085342
319.0 66.36380209194806
321.0 66.2522853056673
323.0 66.23083322540451
325.0 66.054342281218766
327.0 65.884058488407618
329.0 65.741931965495013
331.0 65.54092071562232
333.0 65.390764096955266
335.0 65.255986095509456
337.0 65.121753294398019
337.95905627451805 65.0
338.99999999999994 64.87494653020768
341.0 64.672165914172169
343.0 64.535283981842028
345.0 64.326124617772976
347.0 64.200530486948495
349.0 63.935312899781934
351.0 63.689598419884021
353.0 63.506289077557682
355.0 63.350726699162891
357.0 63.228637022816059
359.0 63.061140501857054
