Contour Advection with Surgery
PV 0.0022 contour

60  24  0.25000000  0.25000000  0.1000000  0.0000000
1 188 0.00000
188 1 61 1.00000
1.0 61.718626956499193
3.0 61.706128682984236
5.0 61.703506749537667
7.0 61.715346595824954
9.0 61.722798699429745
11.0 61.737621900829986
13.0 61.758878430907615
15.0 61.796549912809525
17.0 61.827731913710792
19.0 61.899343515980945
21.0 62.006073377277048
23.0 62.112724313253779
25.0 62.185757293774941
27.0 62.233908848005669
29.0 62.302217922233247
31.0 62.383268152103625
33.0 62.481360753078498
35.0 62.573971049327199
37.0 62.63175665900804
39.0 62.770952931201563
41.0 62.884089713204609
43.000000000000007 62.908264870708983
44.150323491295183 63.0
45.0 63.076798176630945
47.0 63.23126259144351
49.0 63.23185331226324
51.0 63.365336724172167
53.0 63.50653348081407
55.0 63.540016030491358
57.0 63.545849835051627
59.0 63.63902667336373
61.0 63.738746756574727
63.0 63.785787133752549
65.0 63.750859256438275
67.0 63.73155269481596
69.0 63.781934455045374
71.0 63.835414831804101
73.0 63.852276067502657
75.0 63.833357529182592
77.0 63.795626146965759
79.0 63.729553526905477
81.0 63.678830720171248
83.0 63.59444028013732
85.0 63.549169691280198
87.0 63.492279294179781
89.0 63.415811476630168
91.0 63.355904440996355
93.0 63.308345742353239
95.0 63.30679409033749
97.0 63.271423593408997
99.0 63.293782615911709
101.0 63.310748493305354
103.0 63.361445934731606
105.0 63.377244890676437
107.0 63.384619525216152
109.0 63.384202063094833
111.0 63.391804078121069
113.0 63.400726254485349
115.0 63.488121952793705
117.0 63.598444312592505
119.0 63.654604576656681
121.0 63.696663643724563
123.0 63.767349211628641
125.0 63.948348450111922
127.0 64.114714311595463
129.0 64.172604685319641
131.0 64.308466145783441
133.0 64.54266218227275
135.0 64.74030069415862
137.0 64.849479631950956
138.49921272316678 65.0
139.0 65.052659508046403
141.0 65.311730007995536
143.0 65.435364863366289
145.0 65.575496776685355
147.0 65.732159709418482
149.0 65.878192530757218
151.0 66.029995320416702
153.0 66.149199928664927
155.0 66.259768279579816
157.0 66.370505235183757
159.0 66.450956673779089
161.0 66.49294147007349
163.0 66.529916787666025
165.0 66.550071224742339
167.0 66.561807674305072
169.0 66.548378231264195
171.0 66.558706936377462
173.0 66.50617988730707
175.0 66.444899831689369
177.0 66.334925250909151
179.0 66.134647375024599
181.0 65.943645925977179
183.0 65.928853323869447
185.0 65.773345151582532
187.0 65.560291891429998
189.0 65.373015530717126
191.0 65.108448456555621
192.06904331885767 65.0
193.00000000000003 64.915621155849678
195.0 64.740313827257765
197.0 64.511306887748361
199.0 64.337916321347066
201.0 64.023056370144417
203.0 63.645487587408695
205.0 63.470832420251099
207.0 63.301723428665383
209.0 63.077447346754113
209.53889465429893 63.0
211.0 62.808195350113543
213.0 62.665431059296182
215.0 62.502931488237209
217.00000000000003 62.265351792145026
219.0 62.195528565892879
221.0 62.112877277260324
223.0 61.984999737947362
225.0 61.990518924059295
227.0 61.97744647723821
229.0 61.949298779428574
231.0 61.973771815212579
233.0 62.002462913694906
235.0 62.04951163949135
237.0 62.068127880511675
239.0 62.209746572680238
241.0 62.340813626179873
243.0 62.469222892226213
245.0 62.567343106086241
246.99999999999997 62.712472278646658
249.0 62.916030100688921
250.6785564713872 63.0
251.0 63.017660592962585
253.0 63.181973299343554
255.0 63.321278228959514
257.0 63.491667966239291
259.0 63.60190359158608
261.0 63.843531072700813
263.0 64.004618749882241
265.0 64.206706375483648
267.0 64.526012471136013
269.0 64.707304124186749
271.0 64.889673416250602
271.91632334617242 65.0
273.0 65.122734826468729
275.0 65.193359449386804
277.0 65.414663008356356
279.0 65.612060588317405
281.0 65.680609765860197
283.0 65.865694763895419
285.0 65.934497325552712
287.0 65.952835686486097
289.0 66.020630986298102
291.0 65.999973347990249
293.0 65.960098782388997
295.0 65.962469712805557
297.0 65.943904171197502
299.0 65.945855225430734
301.0 65.963025971823612
303.0 65.938116603049664
305.0 65.817442083605513
307.0 65.768720508176727
309.0 65.792804515636362
311.0 65.710849220796973
313.0 65.545056929291505
315.0 65.439482228903373
317.0 65.314447993874964
319.0 65.095233504249279
320.59543863364593 65.0
321.0 64.977061532184919
323.0 64.817780712169437
324.99999999999994 64.655357189092044
327.0 64.598195731997379
329.0 64.357026181126287
331.0 64.124438843148766
333.0 63.954264749666208
335.0 63.799932500249753
337.0 63.663200614359639
339.0 63.434300332240028
341.0 63.217611420682147
343.0 63.017419411733172
343.16832158451905 63.0
345.0 62.833825981783257
347.00000000000006 62.653484089405346
349.0 62.556955624289024
351.0 62.347918446534621
353.0 62.163340479254934
355.0 61.9718809598834
357.0 61.863240868792246
359.0 61.753028805793939
