Contour Advection with Surgery
PV 0.0022 contour

60  24  0.25000000  0.25000000  0.1000000  0.0000000
1 196 0.00000
196 1 75 1.00000
1.0 75.417432187778559
3.0 75.448016905604177
5.0 75.389318107592757
7.0 75.134647100313288
7.8878802075218442 75.0
9.0 74.801797342933327
11.0 74.721603000737133
13.0 74.737886836132503
15.0 74.460328738826774
17.0 74.059322007097421
19.0 74.037821297136176
21.0 74.114886423179399
23.0 73.852068916003518
25.0 73.682174730621469
27.0 73.516158006252226
29.0 73.234064307641034
29.78100721147041 73.0
31.0 72.726313372638131
33.0 72.643703245848172
35.0 72.996956527913667
35.094065097109826 73.0
37.0 73.05522861442185
37.328865936566643 73.0
39.0 72.639574962183303
41.0 72.549270735716703
43.0 72.848359215231469
44.115205961791098 73.0
45.0 73.103644979992623
46.903972117167271 73.0
47.0 72.992810978372873
49.0 72.314245856519193
51.0 72.355168771066346
53.0 71.930279374281866
55.0 71.430189900747791
56.387983295314974 71.0
57.0 70.868649698623145
59.0 70.340578923391675
61.0 69.791377066149124
63.0 69.565776634212483
65.0 69.43263122802324
67.0 69.054120285629452
67.307404838397531 69.0
69.0 68.732375929801634
71.0 68.376593679873139
73.0 68.037960124886212
75.0 67.863231992224257
77.0 67.709432088940005
79.0 67.594368972481888
81.0 67.572317951248365
83.0 67.479535256124322
85.0 67.530371089744548
87.0 67.478051048808339
89.0 67.458083921742755
91.0 67.638852948748777
93.0 67.723841438014915
95.0 67.777832017400897
97.0 67.905009298663515
99.0 68.007424010538841
101.0 68.056429049599856
103.0 68.039627483692996
105.0 68.131327398785743
107.0 68.325246960410269
109.0 68.402750521915436
111.0 68.397661908282203
113.0 68.584326114916152
115.0 68.88156760738832
117.0 68.986334864153363
117.28986797657545 69.0
119.0 69.074330742432878
121.0 69.25740107617986
123.0 69.315749278337293
125.0 69.327426793058891
127.0 69.428903576494321
129.0 69.629643697785156
131.0 69.659243168767873
133.0 69.630486937138556
135.0 69.710089292636269
137.0 69.765301217894745
139.0 69.751810054742094
141.0 69.769588803708999
143.0 69.924589231100498
145.0 69.980709185182661
147.0 69.899424300602675
149.0 69.855415855046601
151.0 69.858781404222228
153.0 69.814862376202186
155.0 69.69992611895691
157.0 69.671399829287154
159.0 69.849218835316009
161.0 70.079181677125618
163.0 70.02728691387361
165.0 69.979176758087192
167.0 70.053363636720832
169.0 69.921782183993344
171.0 69.734485080879438
173.0 69.497910706391394
175.0 69.167205357901565
176.12079689719138 69.0
177.0 68.878058484383075
179.0 67.853463299498472
181.0 67.938139568108511
183.0 68.548605309929343
185.0 68.86000065924712
185.89632207325383 69.0
187.0 69.190294718953993
189.0 69.050131507733425
191.0 69.18833254232969
193.0 69.495712494953125
195.0 69.27037825956377
197.0 69.041424712115329
198.99248403897664 69.0
199.0 68.999653703912784
201.0 68.389672913888404
203.0 67.866980902403341
205.0 67.875744217977484
207.0 67.964527604135128
209.0 68.046519600227086
211.0 68.103890849765975
213.0 68.206598983576384
215.0 68.272941515663632
217.0 68.187058983698762
219.0 68.23967774389024
221.0 68.357639534051472
223.0 68.415296755633847
225.0 68.399635548684472
227.0 68.418384737284754
229.0 68.617520216468279
230.99999999999997 68.774187000723032
233.0 68.807571923425328
235.0 68.914674553463698
236.068873657918 69.0
237.0 69.077500628921428
239.0 69.228281286388011
241.0 69.296176121202137
243.0 69.39314473529133
245.0 69.484335769265797
247.0 69.478954001205935
249.0 69.502333882982214
251.0 69.518288389508953
253.0 69.510944488840181
255.0 69.618053428216442
257.0 69.799711830199769
259.0 69.950203241278359
261.0 70.110543098824152
263.0 70.362100014570359
265.0 70.623613791936506
267.0 70.822285015963956
268.72238204386792 71.0
269.0 71.028485783295267
271.0 71.255063799738139
273.0 71.453980527121615
275.0 71.622494362041365
277.0 71.734687774160591
279.0 71.911417629514716
281.0 72.147426494886233
283.0 72.252731162574889
285.0 72.312020551022144
287.0 72.48066195096942
289.0 72.698557994222824
291.0 72.879150397717098
292.63645656461063 73.0
293.0 73.0270403629642
295.0 73.218482988236318
297.0 73.377918717989402
299.0 73.594974460494143
301.0 73.77315239189673
303.0 73.904013829036757
305.0 73.964912809630277
307.0 74.016021495939086
309.0 74.050434818524835
311.0 74.119061597583311
313.0 74.374917885607587
315.0 74.576553629702531
317.0 74.736851379866053
319.0 74.865754629825418
320.99999999999994 74.966587466651021
321.66362793400936 75.0
323.0 75.061096377773836
325.0 75.111900703854985
327.0 75.193286645471133
329.0 75.286557928058883
331.0 75.326440613923097
333.0 75.329289421462065
335.0 75.346677448301136
337.0 75.389775390463001
339.0 75.415920335503955
341.0 75.43569329358634
343.0 75.521589525259344
345.0 75.514085310981471
347.0 75.490318150827818
349.0 75.450503123221409
351.0 75.493788045708072
353.0 75.587876436244656
355.0 75.598128388293816
357.0 75.499181167015522
359.0 75.437948256991803
