Contour Advection with Surgery
q 0.0032 contour

10  24  0.2500000  0.2500000  0.10000000  0.0000000
1 293 0.00000
293 0 76 1.00000
0.6583399524249522 76.38671446592421
0.6654972028652419 76.39085855832025
1.2100202390328225 76.69893885175804
1.773242093629394 77.00600713114454
1.9154767134011417 77.31562943213495
2.0645259509646086 77.62535177658597
2.1958549706669332 77.93536619077237
2.2475259048082172 78.24619089416309
2.3029521532006196 78.55716498117924
2.3632432907707015 78.8682764159129
0.8447086080590438 79.1880158395504
0.8304385965408436 79.18964893210001
359.15099620317045 79.42472184234352
358.4948823900706 79.49723102889882
357.4084180848937 79.60248489056654
356.7842896455425 79.48436641468247
355.79809593958265 79.30767071930936
355.2670145759504 79.1524051199463
354.5938324165416 78.82829318159935
354.43408875939934 78.69525064314955
354.28512116146317 78.5096022019272
354.3984441280753 78.19919934626817
354.41043581243224 77.88697538024346
353.47461410628364 77.60301452866517
352.3642926460904 77.83707911948522
351.76835226770146 77.97079063898468
350.70574817526096 78.10000333841768
350.0978344574835 78.16244369060638
349.0707828425289 78.35651619319846
348.25206631645705 78.46184641169276
346.68143284332683 78.44249545770768
345.3191750237807 78.25981592227244
344.7691774320942 78.15291774426065
344.0573866869155 78.02902819616058
342.89134093347883 77.76041190846516
341.5234885458006 77.65114778000412
341.10227137966996 77.59091559366003
340.3144365895427 77.45428947356217
339.0731441441675 77.43190294057801
338.83664643596705 77.42731357484938
337.31291797184116 77.41991789793218
336.6099827119996 77.21163850185195
336.30746155034007 77.14805744717955
335.58593239453273 76.76993013965537
335.57042940753973 76.75957075356672
334.94323529458046 76.3596537424437
334.9233858193237 76.34539208025518
334.0760444235767 76.04954496964334
332.91205180838176 75.92090599805672
331.9211538405643 75.71701927516126
330.883910759464 75.54273905250795
329.7968276997142 75.39658454067977
328.78509272378926 75.22301445235824
327.2970897435536 75.24684093277402
326.29598160555815 75.07410199374638
325.5742792777235 74.79983451069342
325.20803174716633 74.59200875138775
325.0124519237103 74.47240279121682
324.3867742411184 74.17716521787128
323.2139938565908 74.20515712161938
322.8918012128814 74.21012347259544
321.577789259044 74.25195686858568
320.72701457201987 74.45445956829924
320.706018445587 74.45883847227034
319.36103177691314 74.56052128922565
318.9285339167882 74.54538855980584
317.90407225953396 74.38952803726298
317.0983744335467 74.17106431135805
316.09304782488016 74.01362331838297
315.25347512240126 73.81065320805611
314.30336943680084 73.68448629562714
314.1913685032386 73.6715141514424
313.13933693493107 73.52922919833176
312.0367120954135 73.39947422404266
311.81618661808824 73.38077753875827
310.4563586492625 73.38616253281539
310.27312232896895 73.34198198784736
309.67351296014823 73.17340567333548
308.9819166381849 72.94083694879794
308.58609263197803 72.74320410712491
308.4527979683972 72.67217698904086
307.9514543849517 72.3996148048596
307.30029296960186 72.16472621897648
306.82523586227927 72.05392367985704
306.4689564950703 71.97318433627898
305.65375751972687 71.77848721537217
304.80909604722837 71.5907103871892
304.38502934770605 71.51468453581086
303.8492763912857 71.42762925835386
302.7817221318506 71.28551241119547
302.75255263644243 71.283541879023
301.624261235371 71.28287849151627
300.7165463367501 71.33509835728754
300.62167377222795 71.34307477722064
299.7672993414027 71.48393745386608
299.73779744943135 71.51687388392796
299.2894353766096 71.84039035548442
298.96800938167496 72.00430540246788
298.91956453721644 72.26650353771306
298.4568406631689 72.4399415539633
298.21672969344024 72.51816305145074
298.135710845235 72.84064394143378
297.88905282222186 72.98952995192275
297.12922561441945 73.23166821010412
296.1799925841657 73.37436287023213
295.23241802903146 73.52340390487278
294.0384551884996 73.52359526158303
293.50516129834756 73.49024644043364
292.77363713192716 73.4684983914758
291.7100658806907 73.54351942476409
290.6290653980165 73.48935981302621
290.4633077546891 73.48161406122404
289.33406730293575 73.49962054064495
289.0953254511174 73.6461872971206
288.7054500151707 73.93373730106397
288.46590534623203 74.03142099477165
287.91416540916543 74.26010565140861
286.82951186754485 74.35559197758435
285.88214751246915 74.24978649067387
285.4992262756469 74.22069770340654
284.33291012352794 74.04451533100698
284.1218710341282 74.00060800543845
282.8349683774481 73.83542737760607
282.7913543925408 73.83023307753864
281.56379963845126 73.64696025412385
281.04191572207645 73.93279195242535
280.7555960358635 74.10147632547014
280.3253360897359 74.28375800741304
279.8512405842748 74.47932179302292
279.00105554656204 74.6573660626554
278.82355509441066 74.72235663626469
278.63325501507563 74.67246122274452
277.49723845166403 74.43751301396945
277.23755608854026 74.41254004573577
276.2982785238108 74.33934196604193
275.3939276628032 74.15730642735224
275.06893409258544 74.09352922761722
274.58865967682897 73.86709325847164
274.037134365121 73.56968492872373
273.7796329997063 73.42654086602316
273.14698975209006 73.27704377712634
272.91162226868875 72.97248021576644
273.662726219271 72.90569063647011
274.66709565175705 72.74639859111522
275.67697365396174 72.65570595088747
276.6910730961143 72.59861057937863
277.73478378058917 72.61724142768966
278.7974284492811 72.66300995406644
279.8772997152389 72.72318731434818
280.11008619240806 72.72978242836483
280.94944360005604 72.75431579334513
281.9401241068713 72.66041325358972
282.9288824216769 72.57349461488982
283.09538284866267 72.54672710803617
283.85895358823706 72.42240979236061
284.8092362034114 72.30902671747845
285.84375242985766 72.29534754308266
286.16598959676554 72.3044851969557
286.91519054007074 72.31494610390291
287.82304798723663 72.17207768148779
288.6441737597637 72.39068122041745
289.2826155014485 72.52621817450745
290.3200410454835 72.4858443212332
290.85664299130383 72.14858228897376
290.9285377557485 72.10596216125798
291.27394836350504 72.09921175156694
292.0149776305585 72.11635480610967
292.97060880529204 72.02501566145403
293.8087060612025 71.85327294968315
294.3466182335091 71.6973353178186
294.5652205811859 71.63283910912997
295.22446167949727 71.35604517530918
295.47039800296494 71.19331958900655
295.8246158344938 71.05069576959723
296.55157129872407 70.8402812089331
297.48777517231815 70.7710397084039
298.04673517067664 70.76961314942642
298.5320395048271 70.76691640214287
299.5916777313405 70.76591893565885
299.9018641204975 70.78072404128703
300.8230455065875 70.85374253542888
301.2880927084731 70.86664385768964
301.9784304031293 70.8873128659623
303.0131469050988 70.85065519826584
303.1966119658638 70.83312309957833
303.9589257771263 70.76660115550685
304.91053755976645 70.68433225510775
305.8069379447047 70.57536756450283
306.0941403100153 70.54207761870899
306.7130113296251 70.47083423880838
307.5320001495746 70.3278846001094
308.3053091266272 70.16673295011215
309.2650280081844 70.08572288849653
309.31564984287763 70.08856145928782
310.39938176811063 70.17852298466642
310.64941417103614 70.17247160983281
311.3166350636346 69.96908715203122
311.7540978403675 69.773856475635
311.8618133116234 69.72142190121694
311.973525942466 69.70571093383428
312.73149794961574 69.6009572173057
313.417328402889 69.41184414053868
313.9823679566021 69.18032550790836
314.6522226455183 68.98986466409747
315.5712598603458 68.88980481097038
315.6280476625173 68.88732483805097
316.64180519123727 68.83952924548268
316.9733715685477 68.81913002699093
317.7070113966505 68.7821440630165
318.2689912371809 68.75594920459496
318.7817694385775 68.72266358221263
319.67628124111957 68.60229420605893
319.7878333411331 68.58267789177013
320.5797140898771 68.4827787563319
321.0197110076547 68.51415723515179
321.9616698719725 68.56858368621113
322.1614001264475 68.55719545412167
323.09942715163817 68.52455431855029
323.5039288452176 68.54846046745756
324.00299362738104 68.58824905927621
324.9270350138761 68.63883560777728
325.4318103075222 68.6775965436204
325.8114753605152 68.70746118262257
326.6617361406627 68.79304713822333
327.48091823148053 68.89551861016398
328.02305221557793 68.92930497051834
328.36176465267215 68.96252084078816
328.36176465267215 68.96252084078816
329.03655336720914 69.15115740625151
329.0383533343722 69.15179229032272
329.5359323046225 69.44996940556554
329.9599037032315 69.69628649198852
330.04994371957486 69.7477078432423
330.3234476548008 69.7686381417225
330.9992950649804 69.78606605168017
331.96591320298677 69.733960860119
332.0752612547117 69.73877366243359
332.9098556708465 69.84496512450261
333.4833002492094 70.00345750192237
333.61989027650674 70.03931689557298
334.37670336595346 70.2076753720844
335.1092328248963 70.39976230763075
335.7704267852169 70.65232636763183
336.62256695014554 70.77138704724682
337.54750946250226 70.83696567077902
338.5159522019469 70.86660598131824
339.337130174048 71.02129388200835
339.85040047423684 71.24959955738271
339.98915849561104 71.33431316052175
340.52328257507975 71.65246376619203
340.60342041319217 71.69913821140733
341.285599681498 72.0234451560683
341.6315585530165 72.0950442379306
342.1472144512687 72.20036643441483
342.8554329249972 72.21522463261783
343.17209464092565 72.22725136006639
343.246157229831 72.25158297516337
343.97608887487934 72.4863682663432
344.7566423655058 72.70172123419943
344.82364071526973 72.72114618964243
345.57397748469236 73.08362387002136
345.5752312683838 73.08853948560434
345.63447177835576 73.40592358068871
345.6970234034199 73.72843203976159
345.75959852085134 74.05099300065599
345.7749023773862 74.11294055142419
345.94103585158297 74.38165594479706
346.16485859678215 74.71464906102861
346.2908828877968 74.8365507922257
347.28812433388003 75.08626395143034
348.46678047368744 74.85071992703361
348.7354246024879 74.80302440656756
348.90438388201915 74.87359518760832
349.7368532320603 75.08915499078373
350.1834675810665 75.24886582681039
350.74467622087144 75.42180987370254
351.20874518222126 75.60468135770046
351.76741690088005 75.8050512907671
351.9426364998056 75.94440946034264
352.3137062518184 76.26951894382283
352.62971966430655 76.5857012649348
352.6608440873498 76.59298931875385
353.63919445389325 76.93239568998452
353.7112760458721 77.14213287276209
354.4541627608993 76.95160398894258
355.20590697909785 76.89470913943751
355.6845260873342 76.66439656327816
356.6423656657874 76.3685796031961
356.71490712538446 76.35247216797872
357.0353775008797 76.37369599747217
358.0176013513825 76.43454463204708
358.43680938584663 76.38674771008526
359.34909638279646 76.23261993050124
